        weight_2022 citax_2022 calc_grossinc_2022 weight_ref_2022 citax_ref_2022 calc_grossinc_ref_2022 weight_ref_2023 citax_ref_2023 calc_grossinc_ref_2023 weight_ref_2024 citax_ref_2024 calc_grossinc_ref_2024 weight_ref_2025 citax_ref_2025 calc_grossinc_ref_2025 weight_ref_2026 citax_ref_2026 calc_grossinc_ref_2026 weight_ref_2027 citax_ref_2027 calc_grossinc_ref_2027 weight_ref_2028 citax_ref_2028 calc_grossinc_ref_2028
 0-10n          -99          0                  0             -99              0                      0             -99              0                      0             -99              0                      0             -99              0                      0             -99              0                      0             -99              0                      0             -99              0                      0
 0-10z          -99          0                  0             -99              0                      0             -99              0                      0             -99              0                      0             -99              0                      0             -99              0                      0             -99              0                      0             -99              0                      0
 0-10p        3,752          0            -36,267           3,752              0                -36,267           3,752              0                -38,081           3,752              0                -39,985           3,752              0                -41,984           3,752              0                -44,083           3,752              0                -46,287           3,752              0                -48,602
 10-20        3,753          0                  0           3,753              0                      0           3,753              0                      0           3,753              0                      0           3,753              0                      0           3,753              0                      0           3,753              0                      0           3,753              0                      0
 20-30        3,753          0                  0           3,753              0                      0           3,753              0                      0           3,753              0                      0           3,753              0                      0           3,753              0                      0           3,753              0                      0           3,753              0                      0
 30-40        3,752          0                  0           3,752              0                      0           3,752              0                      0           3,752              0                      0           3,752              0                      0           3,752              0                      0           3,752              0                      0           3,752              0                      0
 40-50        3,753          0                  0           3,753              0                      0           3,753              0                      0           3,753              0                      0           3,753              0                      0           3,753              0                      0           3,753              0                      0           3,753              0                      0
 50-60        3,753          0                  0           3,753              0                      0           3,753              0                      0           3,753              0                      0           3,753              0                      0           3,753              0                      0           3,753              0                      0           3,753              0                      0
 60-70        3,752         15                192           3,752             15                    192           3,752             16                    202           3,752             17                    212           3,752             18                    222           3,752             19                    234           3,752             20                    245           3,752             22                    257
 70-80        3,753        366              4,189           3,753            366                  4,189           3,753            387                  4,399           3,753            409                  4,619           3,753            432                  4,850           3,753            456                  5,092           3,753            482                  5,347           3,753            508                  5,614
 80-90        3,753      1,859             20,268           3,753          1,859                 20,268           3,753          1,960                 21,281           3,753          2,066                 22,345           3,753          2,177                 23,463           3,753          2,294                 24,636           3,753          2,417                 25,867           3,753          2,545                 27,161
 90-100       3,753     40,044            447,102           3,753         40,044                447,102           3,753         42,139                469,457           3,753         44,339                492,929           3,753         46,648                517,576           3,753         49,073                543,455           3,753         51,620                570,627           3,753         54,293                599,159
 ALL         37,527      4,229             43,553          37,527          4,229                 43,553          37,527          4,451                 45,730          37,527          4,683                 48,017          37,527          4,928                 50,418          37,527          5,185                 52,939          37,527          5,454                 55,586          37,527          5,737                 58,365
 90-95        1,876      6,419             68,715           1,876          6,419                 68,715           1,876          6,758                 72,150           1,876          7,114                 75,758           1,876          7,487                 79,546           1,876          7,879                 83,523           1,876          8,291                 87,699           1,876          8,723                 92,084
 95-99        1,501     25,037            270,576           1,501         25,037                270,576           1,501         26,337                284,105           1,501         27,704                298,310           1,501         29,138                313,225           1,501         30,645                328,887           1,501         32,227                345,331           1,501         33,888                362,597
 Top 1%         376    267,726          3,039,706             376        267,726              3,039,706             376        281,750              3,191,691             376        296,475              3,351,276             376        311,937              3,518,840             376        328,171              3,694,782             376        345,218              3,879,521             376        363,116              4,073,497

