         weight_2022   citax_2022 calc_grossinc_2022 weight_ref_2022 citax_ref_2022 calc_grossinc_ref_2022 weight_ref_2023 citax_ref_2023 calc_grossinc_ref_2023 weight_ref_2024 citax_ref_2024 calc_grossinc_ref_2024 weight_ref_2025 citax_ref_2025 calc_grossinc_ref_2025 weight_ref_2026 citax_ref_2026 calc_grossinc_ref_2026 weight_ref_2027 citax_ref_2027 calc_grossinc_ref_2027 weight_ref_2028 citax_ref_2028 calc_grossinc_ref_2028
<0            3200.0            0       -136,075,187          3200.0              0           -136,075,187          3200.0              0           -142,878,947          3200.0              0           -150,022,894          3200.0              0           -157,524,039          3200.0              0           -165,400,241          3200.0              0           -173,670,253          3200.0              0           -182,353,765
=0           21888.0            0                  0         21888.0              0                      0         21888.0              0                     -0         21888.0              0                     -0         21888.0              0                     -0         21888.0              0                     -0         21888.0              0                     -0         21888.0              0                     -0
0-5m         12402.0  106,787,991      1,166,052,883         12402.0    106,787,991          1,166,052,883         12398.0    110,488,222          1,203,733,086         12398.0    116,193,787          1,263,919,740         12396.0    121,365,037          1,316,951,281         12395.0    127,102,981          1,377,562,129         12387.0    130,096,403          1,405,336,879         12381.0    133,957,494          1,444,850,022
5-10m           18.0    9,218,546        124,542,706            18.0      9,218,546            124,542,706            22.0     11,591,396            151,392,283            21.0     11,538,733            148,625,933            22.0     12,136,790            155,770,118            22.0     12,307,077            158,388,021            28.0     14,739,086            186,778,686            34.0     18,393,640            226,871,321
10-15m           7.0    7,358,343         83,741,434             7.0      7,358,343             83,741,434             6.0      6,195,466             72,620,556             7.0      7,230,135             86,587,548             8.0      8,482,834            101,368,483             7.0      7,511,780             85,911,499             9.0      9,706,313            110,839,167             7.0      7,484,786             85,627,428
15-20m           4.0    6,233,016         68,650,158             4.0      6,233,016             68,650,158             5.0      8,075,462             87,390,616             4.0      6,622,648             71,430,283             3.0      4,928,866             54,752,645             4.0      5,550,655             67,817,202             3.0      4,418,414             51,086,272             5.0      7,346,178             84,394,282
20-30m           5.0    7,757,959        113,415,377             5.0      7,757,959            113,415,377             5.0      8,260,282            119,086,145             6.0     10,644,307            145,370,317             7.0     13,315,863            172,887,984             8.0     16,156,661            202,138,186             8.0     15,710,036            202,155,382             6.0     13,056,089            150,221,163
30-40m           2.0    7,193,541         72,638,906             2.0      7,193,541             72,638,906             2.0      7,553,218             76,270,851             1.0      3,938,496             39,796,738             0.0              0                      0             0.0              0                      0             1.0      2,778,657             30,211,503             3.0      6,471,464             93,764,067
40-50m           0.0            0                  0             0.0              0                      0             0.0              0                      0             1.0      3,992,383             40,287,656             2.0      8,327,423             84,088,613             2.0      8,743,794             88,293,044             2.0      9,180,984             92,707,696             2.0      9,640,033             97,343,081
50-100m          0.0            0                  0             0.0              0                      0             0.0              0                      0             0.0              0                      0             0.0              0                      0             0.0              0                      0             0.0              0                      0             0.0              0                      0
100-500m         1.0   14,143,977        141,439,775             1.0     14,143,977            141,439,775             1.0     14,851,176            148,511,764             1.0     15,593,735            155,937,352             1.0     16,373,422            163,734,219             1.0     17,192,093            171,920,930             1.0     18,051,698            180,516,977             1.0     18,954,283            189,542,826
500m-1bn         0.0            0                  0             0.0              0                      0             0.0              0                      0             0.0              0                      0             0.0              0                      0             0.0              0                      0             0.0              0                      0             0.0              0                      0
>1bn             0.0            0                  0             0.0              0                      0             0.0              0                      0             0.0              0                      0             0.0              0                      0             0.0              0                      0             0.0              0                      0             0.0              0                      0
ALL          37527.0  158,693,374      1,634,406,051         37527.0    158,693,374          1,634,406,051         37527.0    167,015,222          1,716,126,354         37527.0    175,754,225          1,801,932,672         37527.0    184,930,233          1,892,029,305         37527.0    194,565,042          1,986,630,771         37527.0    204,681,590          2,085,962,309         37527.0    215,303,967          2,190,260,425

