     weight_2022       pitax_2022 calc_total_inc_2022 weight_ref_2022   pitax_ref_2022 calc_total_inc_ref_2022 weight_ref_2023   pitax_ref_2023 calc_total_inc_ref_2023 weight_ref_2024   pitax_ref_2024 calc_total_inc_ref_2024 weight_ref_2025   pitax_ref_2025 calc_total_inc_ref_2025 weight_ref_2026   pitax_ref_2026 calc_total_inc_ref_2026 weight_ref_2027   pitax_ref_2027 calc_total_inc_ref_2027 weight_ref_2028   pitax_ref_2028 calc_total_inc_ref_2028      ETR  ETR_ref
0       103.0000           0.0000     -5,880,818.0000        103.0000           0.0000         -5,880,818.0000        103.0000           0.0000         -5,880,818.0000        103.0000           0.0000         -5,880,818.0000        103.0000           0.0000         -5,880,818.0000        103.0000           0.0000         -5,880,818.0000        103.0000           0.0000         -5,880,818.0000        103.0000           0.0000         -5,880,818.0000  -0.0000  -0.0000
1       104.0000           0.0000     -1,372,764.0000        104.0000           0.0000         -1,372,764.0000        104.0000           0.0000         -1,372,764.0000        104.0000           0.0000         -1,372,764.0000        104.0000           0.0000         -1,372,764.0000        104.0000           0.0000         -1,372,764.0000        104.0000           0.0000         -1,372,764.0000        104.0000           0.0000         -1,372,764.0000  -0.0000  -0.0000
2       104.0000           0.0000       -812,017.0000        104.0000           0.0000           -812,017.0000        104.0000           0.0000           -812,017.0000        104.0000           0.0000           -812,017.0000        104.0000           0.0000           -812,017.0000        104.0000           0.0000           -812,017.0000        104.0000           0.0000           -812,017.0000        104.0000           0.0000           -812,017.0000  -0.0000  -0.0000
3       104.0000           0.0000       -514,815.0000        104.0000           0.0000           -514,815.0000        104.0000           0.0000           -514,815.0000        104.0000           0.0000           -514,815.0000        104.0000           0.0000           -514,815.0000        104.0000           0.0000           -514,815.0000        104.0000           0.0000           -514,815.0000        104.0000           0.0000           -514,815.0000  -0.0000  -0.0000
4       104.0000           0.0000       -313,517.0000        104.0000           0.0000           -313,517.0000        104.0000           0.0000           -313,517.0000        104.0000           0.0000           -313,517.0000        104.0000           0.0000           -313,517.0000        104.0000           0.0000           -313,517.0000        104.0000           0.0000           -313,517.0000        104.0000           0.0000           -313,517.0000  -0.0000  -0.0000
5       104.0000           0.0000       -170,933.0000        104.0000           0.0000           -170,933.0000        104.0000           0.0000           -170,933.0000        104.0000           0.0000           -170,933.0000        104.0000           0.0000           -170,933.0000        104.0000           0.0000           -170,933.0000        104.0000           0.0000           -170,933.0000        104.0000           0.0000           -170,933.0000  -0.0000  -0.0000
6       104.0000           0.0000        -57,330.0000        104.0000           0.0000            -57,330.0000        104.0000           0.0000            -57,330.0000        104.0000           0.0000            -57,330.0000        104.0000           0.0000            -57,330.0000        104.0000           0.0000            -57,330.0000        104.0000           0.0000            -57,330.0000        104.0000           0.0000            -57,330.0000  -0.0000  -0.0000
7       104.0000           0.0000         -1,685.0000        104.0000           0.0000             -1,685.0000        104.0000           0.0000             -1,685.0000        104.0000           0.0000             -1,685.0000        104.0000           0.0000             -1,685.0000        104.0000           0.0000             -1,685.0000        104.0000           0.0000             -1,685.0000        104.0000           0.0000             -1,685.0000  -0.0000  -0.0000
8       103.0000           0.0000              0.0000        103.0000           0.0000                  0.0000        103.0000           0.0000                  0.0000        103.0000           0.0000                  0.0000        103.0000           0.0000                  0.0000        103.0000           0.0000                  0.0000        103.0000           0.0000                  0.0000        103.0000           0.0000                  0.0000      nan      nan
9       104.0000           0.0000              0.0000        104.0000           0.0000                  0.0000        104.0000           0.0000                  0.0000        104.0000           0.0000                  0.0000        104.0000           0.0000                  0.0000        104.0000           0.0000                  0.0000        104.0000           0.0000                  0.0000        104.0000           0.0000                  0.0000      nan      nan
10      104.0000           0.0000              0.0000        104.0000           0.0000                  0.0000        104.0000           0.0000                  0.0000        104.0000           0.0000                  0.0000        104.0000           0.0000                  0.0000        104.0000           0.0000                  0.0000        104.0000           0.0000                  0.0000        104.0000           0.0000                  0.0000      nan      nan
11      104.0000           0.0000              0.0000        104.0000           0.0000                  0.0000        104.0000           0.0000                  0.0000        104.0000           0.0000                  0.0000        104.0000           0.0000                  0.0000        104.0000           0.0000                  0.0000        104.0000           0.0000                  0.0000        104.0000           0.0000                  0.0000      nan      nan
12      104.0000           0.0000              0.0000        104.0000           0.0000                  0.0000        104.0000           0.0000                  0.0000        104.0000           0.0000                  0.0000        104.0000           0.0000                  0.0000        104.0000           0.0000                  0.0000        104.0000           0.0000                  0.0000        104.0000           0.0000                  0.0000      nan      nan
13      104.0000           0.0000              0.0000        104.0000           0.0000                  0.0000        104.0000           0.0000                  0.0000        104.0000           0.0000                  0.0000        104.0000           0.0000                  0.0000        104.0000           0.0000                  0.0000        104.0000           0.0000                  0.0000        104.0000           0.0000                  0.0000      nan      nan
14      104.0000           0.0000              0.0000        104.0000           0.0000                  0.0000        104.0000           0.0000                  0.0000        104.0000           0.0000                  0.0000        104.0000           0.0000                  0.0000        104.0000           0.0000                  0.0000        104.0000           0.0000                  0.0000        104.0000           0.0000                  0.0000      nan      nan
15      104.0000           0.0000              0.0000        104.0000           0.0000                  0.0000        104.0000           0.0000                  0.0000        104.0000           0.0000                  0.0000        104.0000           0.0000                  0.0000        104.0000           0.0000                  0.0000        104.0000           0.0000                  0.0000        104.0000           0.0000                  0.0000      nan      nan
16      103.0000           0.0000              0.0000        103.0000           0.0000                  0.0000        103.0000           0.0000                  0.0000        103.0000           0.0000                  0.0000        103.0000           0.0000                  0.0000        103.0000           0.0000                  0.0000        103.0000           0.0000                  0.0000        103.0000           0.0000                  0.0000      nan      nan
17      104.0000           0.0000              0.0000        104.0000           0.0000                  0.0000        104.0000           0.0000                  0.0000        104.0000           0.0000                  0.0000        104.0000           0.0000                  0.0000        104.0000           0.0000                  0.0000        104.0000           0.0000                  0.0000        104.0000           0.0000                  0.0000      nan      nan
18      104.0000           0.0000              0.0000        104.0000           0.0000                  0.0000        104.0000           0.0000                  0.0000        104.0000           0.0000                  0.0000        104.0000           0.0000                  0.0000        104.0000           0.0000                  0.0000        104.0000           0.0000                  0.0000        104.0000           0.0000                  0.0000      nan      nan
19      104.0000           0.0000              0.0000        104.0000           0.0000                  0.0000        104.0000           0.0000                  0.0000        104.0000           0.0000                  0.0000        104.0000           0.0000                  0.0000        104.0000           0.0000                  0.0000        104.0000           0.0000                  0.0000        104.0000           0.0000                  0.0000      nan      nan
20      104.0000           0.0000              0.0000        104.0000           0.0000                  0.0000        104.0000           0.0000                  0.0000        104.0000           0.0000                  0.0000        104.0000           0.0000                  0.0000        104.0000           0.0000                  0.0000        104.0000           0.0000                  0.0000        104.0000           0.0000                  0.0000      nan      nan
21      104.0000           0.0000              0.0000        104.0000           0.0000                  0.0000        104.0000           0.0000                  0.0000        104.0000           0.0000                  0.0000        104.0000           0.0000                  0.0000        104.0000           0.0000                  0.0000        104.0000           0.0000                  0.0000        104.0000           0.0000                  0.0000      nan      nan
22      104.0000           0.0000              0.0000        104.0000           0.0000                  0.0000        104.0000           0.0000                  0.0000        104.0000           0.0000                  0.0000        104.0000           0.0000                  0.0000        104.0000           0.0000                  0.0000        104.0000           0.0000                  0.0000        104.0000           0.0000                  0.0000      nan      nan
23      104.0000           0.0000              0.0000        104.0000           0.0000                  0.0000        104.0000           0.0000                  0.0000        104.0000           0.0000                  0.0000        104.0000           0.0000                  0.0000        104.0000           0.0000                  0.0000        104.0000           0.0000                  0.0000        104.0000           0.0000                  0.0000      nan      nan
24      103.0000           0.0000              0.0000        103.0000           0.0000                  0.0000        103.0000           0.0000                  0.0000        103.0000           0.0000                  0.0000        103.0000           0.0000                  0.0000        103.0000           0.0000                  0.0000        103.0000           0.0000                  0.0000        103.0000           0.0000                  0.0000      nan      nan
25      104.0000           0.0000              0.0000        104.0000           0.0000                  0.0000        104.0000           0.0000                  0.0000        104.0000           0.0000                  0.0000        104.0000           0.0000                  0.0000        104.0000           0.0000                  0.0000        104.0000           0.0000                  0.0000        104.0000           0.0000                  0.0000      nan      nan
26      104.0000           0.0000              0.0000        104.0000           0.0000                  0.0000        104.0000           0.0000                  0.0000        104.0000           0.0000                  0.0000        104.0000           0.0000                  0.0000        104.0000           0.0000                  0.0000        104.0000           0.0000                  0.0000        104.0000           0.0000                  0.0000      nan      nan
27      104.0000           0.0000              0.0000        104.0000           0.0000                  0.0000        104.0000           0.0000                  0.0000        104.0000           0.0000                  0.0000        104.0000           0.0000                  0.0000        104.0000           0.0000                  0.0000        104.0000           0.0000                  0.0000        104.0000           0.0000                  0.0000      nan      nan
28      104.0000           0.0000              0.0000        104.0000           0.0000                  0.0000        104.0000           0.0000                  0.0000        104.0000           0.0000                  0.0000        104.0000           0.0000                  0.0000        104.0000           0.0000                  0.0000        104.0000           0.0000                  0.0000        104.0000           0.0000                  0.0000      nan      nan
29      104.0000           0.0000            115.0000        104.0000           0.0000                115.0000        104.0000           0.0000                115.0000        104.0000           0.0000                115.0000        104.0000           0.0000                115.0000        104.0000           0.0000                115.0000        104.0000           0.0000                115.0000        104.0000           0.0000                115.0000   0.0000   0.0000
30      104.0000           0.0000         15,635.0000        104.0000           0.0000             15,635.0000        104.0000           0.0000             15,635.0000        104.0000           0.0000             15,635.0000        104.0000           0.0000             15,635.0000        104.0000           0.0000             15,635.0000        104.0000           0.0000             15,635.0000        104.0000           0.0000             15,635.0000   0.0000   0.0000
31      104.0000           0.0000         44,099.0000        104.0000           0.0000             44,099.0000        104.0000           0.0000             44,099.0000        104.0000           0.0000             44,099.0000        104.0000           0.0000             44,099.0000        104.0000           0.0000             44,099.0000        104.0000           0.0000             44,099.0000        104.0000           0.0000             44,099.0000   0.0000   0.0000
32      104.0000           0.0000         72,569.0000        104.0000           0.0000             72,569.0000        104.0000           0.0000             72,569.0000        104.0000           0.0000             72,569.0000        104.0000           0.0000             72,569.0000        104.0000           0.0000             72,569.0000        104.0000           0.0000             72,569.0000        104.0000           0.0000             72,569.0000   0.0000   0.0000
33      103.0000          49.0000         99,165.0000        103.0000          49.0000             99,165.0000        103.0000          49.0000             99,165.0000        103.0000          49.0000             99,165.0000        103.0000          49.0000             99,165.0000        103.0000          49.0000             99,165.0000        103.0000          49.0000             99,165.0000        103.0000          49.0000             99,165.0000   0.0005   0.0005
34      104.0000         559.0000        126,715.0000        104.0000         559.0000            126,715.0000        104.0000         559.0000            126,715.0000        104.0000         559.0000            126,715.0000        104.0000         559.0000            126,715.0000        104.0000         559.0000            126,715.0000        104.0000         559.0000            126,715.0000        104.0000         559.0000            126,715.0000   0.0044   0.0044
35      104.0000       1,360.0000        155,181.0000        104.0000       1,360.0000            155,181.0000        104.0000       1,360.0000            155,181.0000        104.0000       1,360.0000            155,181.0000        104.0000       1,360.0000            155,181.0000        104.0000       1,360.0000            155,181.0000        104.0000       1,360.0000            155,181.0000        104.0000       1,360.0000            155,181.0000   0.0088   0.0088
36      104.0000       2,300.0000        182,490.0000        104.0000       2,300.0000            182,490.0000        104.0000       2,300.0000            182,490.0000        104.0000       2,300.0000            182,490.0000        104.0000       2,300.0000            182,490.0000        104.0000       2,300.0000            182,490.0000        104.0000       2,300.0000            182,490.0000        104.0000       2,300.0000            182,490.0000   0.0126   0.0126
37      104.0000       3,220.0000        208,325.0000        104.0000       3,220.0000            208,325.0000        104.0000       3,220.0000            208,325.0000        104.0000       3,220.0000            208,325.0000        104.0000       3,220.0000            208,325.0000        104.0000       3,220.0000            208,325.0000        104.0000       3,220.0000            208,325.0000        104.0000       3,220.0000            208,325.0000   0.0155   0.0155
38      104.0000       4,002.0000        229,215.0000        104.0000       4,002.0000            229,215.0000        104.0000       4,002.0000            229,215.0000        104.0000       4,002.0000            229,215.0000        104.0000       4,002.0000            229,215.0000        104.0000       4,002.0000            229,215.0000        104.0000       4,002.0000            229,215.0000        104.0000       4,002.0000            229,215.0000   0.0175   0.0175
39      104.0000       4,715.0000        251,753.0000        104.0000       4,715.0000            251,753.0000        104.0000       4,715.0000            251,753.0000        104.0000       4,715.0000            251,753.0000        104.0000       4,715.0000            251,753.0000        104.0000       4,715.0000            251,753.0000        104.0000       4,715.0000            251,753.0000        104.0000       4,715.0000            251,753.0000   0.0187   0.0187
40      104.0000       5,432.0000        279,401.0000        104.0000       5,432.0000            279,401.0000        104.0000       5,432.0000            279,401.0000        104.0000       5,432.0000            279,401.0000        104.0000       5,432.0000            279,401.0000        104.0000       5,432.0000            279,401.0000        104.0000       5,432.0000            279,401.0000        104.0000       5,432.0000            279,401.0000   0.0194   0.0194
41      103.0000       6,265.0000        302,654.0000        103.0000       6,265.0000            302,654.0000        103.0000       6,265.0000            302,654.0000        103.0000       6,265.0000            302,654.0000        103.0000       6,265.0000            302,654.0000        103.0000       6,265.0000            302,654.0000        103.0000       6,265.0000            302,654.0000        103.0000       6,265.0000            302,654.0000   0.0207   0.0207
42      104.0000       8,418.0000        331,288.0000        104.0000       8,418.0000            331,288.0000        104.0000       8,418.0000            331,288.0000        104.0000       8,418.0000            331,288.0000        104.0000       8,418.0000            331,288.0000        104.0000       8,418.0000            331,288.0000        104.0000       8,418.0000            331,288.0000        104.0000       8,418.0000            331,288.0000   0.0254   0.0254
43      104.0000       9,126.0000        356,702.0000        104.0000       9,126.0000            356,702.0000        104.0000       9,126.0000            356,702.0000        104.0000       9,126.0000            356,702.0000        104.0000       9,126.0000            356,702.0000        104.0000       9,126.0000            356,702.0000        104.0000       9,126.0000            356,702.0000        104.0000       9,126.0000            356,702.0000   0.0256   0.0256
44      104.0000      11,393.0000        383,251.0000        104.0000      11,393.0000            383,251.0000        104.0000      11,393.0000            383,251.0000        104.0000      11,393.0000            383,251.0000        104.0000      11,393.0000            383,251.0000        104.0000      11,393.0000            383,251.0000        104.0000      11,393.0000            383,251.0000        104.0000      11,393.0000            383,251.0000   0.0297   0.0297
45      104.0000      12,698.0000        409,114.0000        104.0000      12,698.0000            409,114.0000        104.0000      12,698.0000            409,114.0000        104.0000      12,698.0000            409,114.0000        104.0000      12,698.0000            409,114.0000        104.0000      12,698.0000            409,114.0000        104.0000      12,698.0000            409,114.0000        104.0000      12,698.0000            409,114.0000   0.0310   0.0310
46      104.0000      14,553.0000        428,326.0000        104.0000      14,553.0000            428,326.0000        104.0000      14,553.0000            428,326.0000        104.0000      14,553.0000            428,326.0000        104.0000      14,553.0000            428,326.0000        104.0000      14,553.0000            428,326.0000        104.0000      14,553.0000            428,326.0000        104.0000      14,553.0000            428,326.0000   0.0340   0.0340
47      104.0000      16,827.0000        450,903.0000        104.0000      16,827.0000            450,903.0000        104.0000      16,827.0000            450,903.0000        104.0000      16,827.0000            450,903.0000        104.0000      16,827.0000            450,903.0000        104.0000      16,827.0000            450,903.0000        104.0000      16,827.0000            450,903.0000        104.0000      16,827.0000            450,903.0000   0.0373   0.0373
48      104.0000      16,880.0000        475,971.0000        104.0000      16,880.0000            475,971.0000        104.0000      16,880.0000            475,971.0000        104.0000      16,880.0000            475,971.0000        104.0000      16,880.0000            475,971.0000        104.0000      16,880.0000            475,971.0000        104.0000      16,880.0000            475,971.0000        104.0000      16,880.0000            475,971.0000   0.0355   0.0355
49      103.0000      18,577.0000        495,632.0000        103.0000      18,577.0000            495,632.0000        103.0000      18,577.0000            495,632.0000        103.0000      18,577.0000            495,632.0000        103.0000      18,577.0000            495,632.0000        103.0000      18,577.0000            495,632.0000        103.0000      18,577.0000            495,632.0000        103.0000      18,577.0000            495,632.0000   0.0375   0.0375
50      104.0000      21,991.0000        523,137.0000        104.0000      21,991.0000            523,137.0000        104.0000      21,991.0000            523,137.0000        104.0000      21,991.0000            523,137.0000        104.0000      21,991.0000            523,137.0000        104.0000      21,991.0000            523,137.0000        104.0000      21,991.0000            523,137.0000        104.0000      21,991.0000            523,137.0000   0.0420   0.0420
51      104.0000      21,809.0000        551,997.0000        104.0000      21,809.0000            551,997.0000        104.0000      21,809.0000            551,997.0000        104.0000      21,809.0000            551,997.0000        104.0000      21,809.0000            551,997.0000        104.0000      21,809.0000            551,997.0000        104.0000      21,809.0000            551,997.0000        104.0000      21,809.0000            551,997.0000   0.0395   0.0395
52      104.0000      25,612.0000        577,028.0000        104.0000      25,612.0000            577,028.0000        104.0000      25,612.0000            577,028.0000        104.0000      25,612.0000            577,028.0000        104.0000      25,612.0000            577,028.0000        104.0000      25,612.0000            577,028.0000        104.0000      25,612.0000            577,028.0000        104.0000      25,612.0000            577,028.0000   0.0444   0.0444
53      104.0000      25,250.0000        605,099.0000        104.0000      25,250.0000            605,099.0000        104.0000      25,250.0000            605,099.0000        104.0000      25,250.0000            605,099.0000        104.0000      25,250.0000            605,099.0000        104.0000      25,250.0000            605,099.0000        104.0000      25,250.0000            605,099.0000        104.0000      25,250.0000            605,099.0000   0.0417   0.0417
54      104.0000      28,379.0000        633,057.0000        104.0000      28,379.0000            633,057.0000        104.0000      28,379.0000            633,057.0000        104.0000      28,379.0000            633,057.0000        104.0000      28,379.0000            633,057.0000        104.0000      28,379.0000            633,057.0000        104.0000      28,379.0000            633,057.0000        104.0000      28,379.0000            633,057.0000   0.0448   0.0448
55      104.0000      30,987.0000        662,718.0000        104.0000      30,987.0000            662,718.0000        104.0000      30,987.0000            662,718.0000        104.0000      30,987.0000            662,718.0000        104.0000      30,987.0000            662,718.0000        104.0000      30,987.0000            662,718.0000        104.0000      30,987.0000            662,718.0000        104.0000      30,987.0000            662,718.0000   0.0468   0.0468
56      104.0000      35,218.0000        694,694.0000        104.0000      35,218.0000            694,694.0000        104.0000      35,218.0000            694,694.0000        104.0000      35,218.0000            694,694.0000        104.0000      35,218.0000            694,694.0000        104.0000      35,218.0000            694,694.0000        104.0000      35,218.0000            694,694.0000        104.0000      35,218.0000            694,694.0000   0.0507   0.0507
57      104.0000      39,425.0000        729,096.0000        104.0000      39,425.0000            729,096.0000        104.0000      39,425.0000            729,096.0000        104.0000      39,425.0000            729,096.0000        104.0000      39,425.0000            729,096.0000        104.0000      39,425.0000            729,096.0000        104.0000      39,425.0000            729,096.0000        104.0000      39,425.0000            729,096.0000   0.0541   0.0541
58      103.0000      40,466.0000        759,381.0000        103.0000      40,466.0000            759,381.0000        103.0000      40,466.0000            759,381.0000        103.0000      40,466.0000            759,381.0000        103.0000      40,466.0000            759,381.0000        103.0000      40,466.0000            759,381.0000        103.0000      40,466.0000            759,381.0000        103.0000      40,466.0000            759,381.0000   0.0533   0.0533
59      104.0000      45,347.0000        800,011.0000        104.0000      45,347.0000            800,011.0000        104.0000      45,347.0000            800,011.0000        104.0000      45,347.0000            800,011.0000        104.0000      45,347.0000            800,011.0000        104.0000      45,347.0000            800,011.0000        104.0000      45,347.0000            800,011.0000        104.0000      45,347.0000            800,011.0000   0.0567   0.0567
60      104.0000      48,468.0000        842,836.0000        104.0000      48,468.0000            842,836.0000        104.0000      48,468.0000            842,836.0000        104.0000      48,468.0000            842,836.0000        104.0000      48,468.0000            842,836.0000        104.0000      48,468.0000            842,836.0000        104.0000      48,468.0000            842,836.0000        104.0000      48,468.0000            842,836.0000   0.0575   0.0575
61      104.0000      51,140.0000        896,520.0000        104.0000      51,140.0000            896,520.0000        104.0000      51,140.0000            896,520.0000        104.0000      51,140.0000            896,520.0000        104.0000      51,140.0000            896,520.0000        104.0000      51,140.0000            896,520.0000        104.0000      51,140.0000            896,520.0000        104.0000      51,140.0000            896,520.0000   0.0570   0.0570
62      104.0000      55,272.0000        943,858.0000        104.0000      55,272.0000            943,858.0000        104.0000      55,272.0000            943,858.0000        104.0000      55,272.0000            943,858.0000        104.0000      55,272.0000            943,858.0000        104.0000      55,272.0000            943,858.0000        104.0000      55,272.0000            943,858.0000        104.0000      55,272.0000            943,858.0000   0.0586   0.0586
63      104.0000      61,336.0000        987,578.0000        104.0000      61,336.0000            987,578.0000        104.0000      61,336.0000            987,578.0000        104.0000      61,336.0000            987,578.0000        104.0000      61,336.0000            987,578.0000        104.0000      61,336.0000            987,578.0000        104.0000      61,336.0000            987,578.0000        104.0000      61,336.0000            987,578.0000   0.0621   0.0621
64      104.0000      66,004.0000      1,041,552.0000        104.0000      66,004.0000          1,041,552.0000        104.0000      66,004.0000          1,041,552.0000        104.0000      66,004.0000          1,041,552.0000        104.0000      66,004.0000          1,041,552.0000        104.0000      66,004.0000          1,041,552.0000        104.0000      66,004.0000          1,041,552.0000        104.0000      66,004.0000          1,041,552.0000   0.0634   0.0634
65      104.0000      71,895.0000      1,086,942.0000        104.0000      71,895.0000          1,086,942.0000        104.0000      71,895.0000          1,086,942.0000        104.0000      71,895.0000          1,086,942.0000        104.0000      71,895.0000          1,086,942.0000        104.0000      71,895.0000          1,086,942.0000        104.0000      71,895.0000          1,086,942.0000        104.0000      71,895.0000          1,086,942.0000   0.0661   0.0661
66      103.0000      75,786.0000      1,130,644.0000        103.0000      75,786.0000          1,130,644.0000        103.0000      75,786.0000          1,130,644.0000        103.0000      75,786.0000          1,130,644.0000        103.0000      75,786.0000          1,130,644.0000        103.0000      75,786.0000          1,130,644.0000        103.0000      75,786.0000          1,130,644.0000        103.0000      75,786.0000          1,130,644.0000   0.0670   0.0670
67      104.0000      81,150.0000      1,195,823.0000        104.0000      81,150.0000          1,195,823.0000        104.0000      81,150.0000          1,195,823.0000        104.0000      81,150.0000          1,195,823.0000        104.0000      81,150.0000          1,195,823.0000        104.0000      81,150.0000          1,195,823.0000        104.0000      81,150.0000          1,195,823.0000        104.0000      81,150.0000          1,195,823.0000   0.0679   0.0679
68      104.0000      84,308.0000      1,262,861.0000        104.0000      84,308.0000          1,262,861.0000        104.0000      84,308.0000          1,262,861.0000        104.0000      84,308.0000          1,262,861.0000        104.0000      84,308.0000          1,262,861.0000        104.0000      84,308.0000          1,262,861.0000        104.0000      84,308.0000          1,262,861.0000        104.0000      84,308.0000          1,262,861.0000   0.0668   0.0668
69      104.0000      92,926.0000      1,334,515.0000        104.0000      92,926.0000          1,334,515.0000        104.0000      92,926.0000          1,334,515.0000        104.0000      92,926.0000          1,334,515.0000        104.0000      92,926.0000          1,334,515.0000        104.0000      92,926.0000          1,334,515.0000        104.0000      92,926.0000          1,334,515.0000        104.0000      92,926.0000          1,334,515.0000   0.0696   0.0696
70      104.0000      99,320.0000      1,415,439.0000        104.0000      99,320.0000          1,415,439.0000        104.0000      99,320.0000          1,415,439.0000        104.0000      99,320.0000          1,415,439.0000        104.0000      99,320.0000          1,415,439.0000        104.0000      99,320.0000          1,415,439.0000        104.0000      99,320.0000          1,415,439.0000        104.0000      99,320.0000          1,415,439.0000   0.0702   0.0702
71      104.0000     112,324.0000      1,502,604.0000        104.0000     112,324.0000          1,502,604.0000        104.0000     112,324.0000          1,502,604.0000        104.0000     112,324.0000          1,502,604.0000        104.0000     112,324.0000          1,502,604.0000        104.0000     112,324.0000          1,502,604.0000        104.0000     112,324.0000          1,502,604.0000        104.0000     112,324.0000          1,502,604.0000   0.0748   0.0748
72      104.0000     116,574.0000      1,588,391.0000        104.0000     116,574.0000          1,588,391.0000        104.0000     116,574.0000          1,588,391.0000        104.0000     116,574.0000          1,588,391.0000        104.0000     116,574.0000          1,588,391.0000        104.0000     116,574.0000          1,588,391.0000        104.0000     116,574.0000          1,588,391.0000        104.0000     116,574.0000          1,588,391.0000   0.0734   0.0734
73      104.0000     126,648.0000      1,680,159.0000        104.0000     126,648.0000          1,680,159.0000        104.0000     126,648.0000          1,680,159.0000        104.0000     126,648.0000          1,680,159.0000        104.0000     126,648.0000          1,680,159.0000        104.0000     126,648.0000          1,680,159.0000        104.0000     126,648.0000          1,680,159.0000        104.0000     126,648.0000          1,680,159.0000   0.0754   0.0754
74      103.0000     136,621.0000      1,777,468.0000        103.0000     136,621.0000          1,777,468.0000        103.0000     136,621.0000          1,777,468.0000        103.0000     136,621.0000          1,777,468.0000        103.0000     136,621.0000          1,777,468.0000        103.0000     136,621.0000          1,777,468.0000        103.0000     136,621.0000          1,777,468.0000        103.0000     136,621.0000          1,777,468.0000   0.0769   0.0769
75      104.0000     141,623.0000      1,899,777.0000        104.0000     141,623.0000          1,899,777.0000        104.0000     141,623.0000          1,899,777.0000        104.0000     141,623.0000          1,899,777.0000        104.0000     141,623.0000          1,899,777.0000        104.0000     141,623.0000          1,899,777.0000        104.0000     141,623.0000          1,899,777.0000        104.0000     141,623.0000          1,899,777.0000   0.0745   0.0745
76      104.0000     157,645.0000      2,007,131.0000        104.0000     157,645.0000          2,007,131.0000        104.0000     157,645.0000          2,007,131.0000        104.0000     157,645.0000          2,007,131.0000        104.0000     157,645.0000          2,007,131.0000        104.0000     157,645.0000          2,007,131.0000        104.0000     157,645.0000          2,007,131.0000        104.0000     157,645.0000          2,007,131.0000   0.0785   0.0785
77      104.0000     165,678.0000      2,119,064.0000        104.0000     165,678.0000          2,119,064.0000        104.0000     165,678.0000          2,119,064.0000        104.0000     165,678.0000          2,119,064.0000        104.0000     165,678.0000          2,119,064.0000        104.0000     165,678.0000          2,119,064.0000        104.0000     165,678.0000          2,119,064.0000        104.0000     165,678.0000          2,119,064.0000   0.0782   0.0782
78      104.0000     173,884.0000      2,237,498.0000        104.0000     173,884.0000          2,237,498.0000        104.0000     173,884.0000          2,237,498.0000        104.0000     173,884.0000          2,237,498.0000        104.0000     173,884.0000          2,237,498.0000        104.0000     173,884.0000          2,237,498.0000        104.0000     173,884.0000          2,237,498.0000        104.0000     173,884.0000          2,237,498.0000   0.0777   0.0777
79      104.0000     190,084.0000      2,395,542.0000        104.0000     190,084.0000          2,395,542.0000        104.0000     190,084.0000          2,395,542.0000        104.0000     190,084.0000          2,395,542.0000        104.0000     190,084.0000          2,395,542.0000        104.0000     190,084.0000          2,395,542.0000        104.0000     190,084.0000          2,395,542.0000        104.0000     190,084.0000          2,395,542.0000   0.0793   0.0793
80      104.0000     217,263.0000      2,575,924.0000        104.0000     217,263.0000          2,575,924.0000        104.0000     217,263.0000          2,575,924.0000        104.0000     217,263.0000          2,575,924.0000        104.0000     217,263.0000          2,575,924.0000        104.0000     217,263.0000          2,575,924.0000        104.0000     217,263.0000          2,575,924.0000        104.0000     217,263.0000          2,575,924.0000   0.0843   0.0843
81      104.0000     225,851.0000      2,766,764.0000        104.0000     225,851.0000          2,766,764.0000        104.0000     225,851.0000          2,766,764.0000        104.0000     225,851.0000          2,766,764.0000        104.0000     225,851.0000          2,766,764.0000        104.0000     225,851.0000          2,766,764.0000        104.0000     225,851.0000          2,766,764.0000        104.0000     225,851.0000          2,766,764.0000   0.0816   0.0816
82      104.0000     239,001.0000      2,974,319.0000        104.0000     239,001.0000          2,974,319.0000        104.0000     239,001.0000          2,974,319.0000        104.0000     239,001.0000          2,974,319.0000        104.0000     239,001.0000          2,974,319.0000        104.0000     239,001.0000          2,974,319.0000        104.0000     239,001.0000          2,974,319.0000        104.0000     239,001.0000          2,974,319.0000   0.0804   0.0804
83      103.0000     268,805.0000      3,166,294.0000        103.0000     268,805.0000          3,166,294.0000        103.0000     268,805.0000          3,166,294.0000        103.0000     268,805.0000          3,166,294.0000        103.0000     268,805.0000          3,166,294.0000        103.0000     268,805.0000          3,166,294.0000        103.0000     268,805.0000          3,166,294.0000        103.0000     268,805.0000          3,166,294.0000   0.0849   0.0849
84      104.0000     298,043.0000      3,452,959.0000        104.0000     298,043.0000          3,452,959.0000        104.0000     298,043.0000          3,452,959.0000        104.0000     298,043.0000          3,452,959.0000        104.0000     298,043.0000          3,452,959.0000        104.0000     298,043.0000          3,452,959.0000        104.0000     298,043.0000          3,452,959.0000        104.0000     298,043.0000          3,452,959.0000   0.0863   0.0863
85      104.0000     323,733.0000      3,741,913.0000        104.0000     323,733.0000          3,741,913.0000        104.0000     323,733.0000          3,741,913.0000        104.0000     323,733.0000          3,741,913.0000        104.0000     323,733.0000          3,741,913.0000        104.0000     323,733.0000          3,741,913.0000        104.0000     323,733.0000          3,741,913.0000        104.0000     323,733.0000          3,741,913.0000   0.0865   0.0865
86      104.0000     344,428.0000      4,070,877.0000        104.0000     344,428.0000          4,070,877.0000        104.0000     344,428.0000          4,070,877.0000        104.0000     344,428.0000          4,070,877.0000        104.0000     344,428.0000          4,070,877.0000        104.0000     344,428.0000          4,070,877.0000        104.0000     344,428.0000          4,070,877.0000        104.0000     344,428.0000          4,070,877.0000   0.0846   0.0846
87      104.0000     397,807.0000      4,489,465.0000        104.0000     397,807.0000          4,489,465.0000        104.0000     397,807.0000          4,489,465.0000        104.0000     397,807.0000          4,489,465.0000        104.0000     397,807.0000          4,489,465.0000        104.0000     397,807.0000          4,489,465.0000        104.0000     397,807.0000          4,489,465.0000        104.0000     397,807.0000          4,489,465.0000   0.0886   0.0886
88      104.0000     420,203.0000      4,860,196.0000        104.0000     420,203.0000          4,860,196.0000        104.0000     420,203.0000          4,860,196.0000        104.0000     420,203.0000          4,860,196.0000        104.0000     420,203.0000          4,860,196.0000        104.0000     420,203.0000          4,860,196.0000        104.0000     420,203.0000          4,860,196.0000        104.0000     420,203.0000          4,860,196.0000   0.0865   0.0865
89      104.0000     481,136.0000      5,384,870.0000        104.0000     481,136.0000          5,384,870.0000        104.0000     481,136.0000          5,384,870.0000        104.0000     481,136.0000          5,384,870.0000        104.0000     481,136.0000          5,384,870.0000        104.0000     481,136.0000          5,384,870.0000        104.0000     481,136.0000          5,384,870.0000        104.0000     481,136.0000          5,384,870.0000   0.0893   0.0893
90      104.0000     543,402.0000      6,032,406.0000        104.0000     543,402.0000          6,032,406.0000        104.0000     543,402.0000          6,032,406.0000        104.0000     543,402.0000          6,032,406.0000        104.0000     543,402.0000          6,032,406.0000        104.0000     543,402.0000          6,032,406.0000        104.0000     543,402.0000          6,032,406.0000        104.0000     543,402.0000          6,032,406.0000   0.0901   0.0901
91      103.0000     627,836.0000      6,746,881.0000        103.0000     627,836.0000          6,746,881.0000        103.0000     627,836.0000          6,746,881.0000        103.0000     627,836.0000          6,746,881.0000        103.0000     627,836.0000          6,746,881.0000        103.0000     627,836.0000          6,746,881.0000        103.0000     627,836.0000          6,746,881.0000        103.0000     627,836.0000          6,746,881.0000   0.0931   0.0931
92      104.0000     718,572.0000      7,697,456.0000        104.0000     718,572.0000          7,697,456.0000        104.0000     718,572.0000          7,697,456.0000        104.0000     718,572.0000          7,697,456.0000        104.0000     718,572.0000          7,697,456.0000        104.0000     718,572.0000          7,697,456.0000        104.0000     718,572.0000          7,697,456.0000        104.0000     718,572.0000          7,697,456.0000   0.0934   0.0934
93      104.0000     800,566.0000      8,675,287.0000        104.0000     800,566.0000          8,675,287.0000        104.0000     800,566.0000          8,675,287.0000        104.0000     800,566.0000          8,675,287.0000        104.0000     800,566.0000          8,675,287.0000        104.0000     800,566.0000          8,675,287.0000        104.0000     800,566.0000          8,675,287.0000        104.0000     800,566.0000          8,675,287.0000   0.0923   0.0923
94      104.0000     929,074.0000      9,913,864.0000        104.0000     929,074.0000          9,913,864.0000        104.0000     929,074.0000          9,913,864.0000        104.0000     929,074.0000          9,913,864.0000        104.0000     929,074.0000          9,913,864.0000        104.0000     929,074.0000          9,913,864.0000        104.0000     929,074.0000          9,913,864.0000        104.0000     929,074.0000          9,913,864.0000   0.0937   0.0937
95      104.0000   1,106,493.0000     11,699,050.0000        104.0000   1,106,493.0000         11,699,050.0000        104.0000   1,106,493.0000         11,699,050.0000        104.0000   1,106,493.0000         11,699,050.0000        104.0000   1,106,493.0000         11,699,050.0000        104.0000   1,106,493.0000         11,699,050.0000        104.0000   1,106,493.0000         11,699,050.0000        104.0000   1,106,493.0000         11,699,050.0000   0.0946   0.0946
96      104.0000   1,399,300.0000     14,663,390.0000        104.0000   1,399,300.0000         14,663,390.0000        104.0000   1,399,300.0000         14,663,390.0000        104.0000   1,399,300.0000         14,663,390.0000        104.0000   1,399,300.0000         14,663,390.0000        104.0000   1,399,300.0000         14,663,390.0000        104.0000   1,399,300.0000         14,663,390.0000        104.0000   1,399,300.0000         14,663,390.0000   0.0954   0.0954
97      104.0000   1,827,628.0000     19,221,334.0000        104.0000   1,827,628.0000         19,221,334.0000        104.0000   1,827,628.0000         19,221,334.0000        104.0000   1,827,628.0000         19,221,334.0000        104.0000   1,827,628.0000         19,221,334.0000        104.0000   1,827,628.0000         19,221,334.0000        104.0000   1,827,628.0000         19,221,334.0000        104.0000   1,827,628.0000         19,221,334.0000   0.0951   0.0951
98      104.0000   2,652,907.0000     28,133,665.0000        104.0000   2,652,907.0000         28,133,665.0000        104.0000   2,652,907.0000         28,133,665.0000        104.0000   2,652,907.0000         28,133,665.0000        104.0000   2,652,907.0000         28,133,665.0000        104.0000   2,652,907.0000         28,133,665.0000        104.0000   2,652,907.0000         28,133,665.0000        104.0000   2,652,907.0000         28,133,665.0000   0.0943   0.0943
99      104.0000   7,740,333.0000     78,420,985.0000        104.0000   7,740,333.0000         78,420,985.0000        104.0000   7,740,333.0000         78,420,985.0000        104.0000   7,740,333.0000         78,420,985.0000        104.0000   7,740,333.0000         78,420,985.0000        104.0000   7,740,333.0000         78,420,985.0000        104.0000   7,740,333.0000         78,420,985.0000        104.0000   7,740,333.0000         78,420,985.0000   0.0987   0.0987
ALL  10,388.0000  24,121,926.0000    260,744,942.0000     10,388.0000  24,121,926.0000        260,744,942.0000     10,388.0000  24,121,926.0000        260,744,942.0000     10,388.0000  24,121,926.0000        260,744,942.0000     10,388.0000  24,121,926.0000        260,744,942.0000     10,388.0000  24,121,926.0000        260,744,942.0000     10,388.0000  24,121,926.0000        260,744,942.0000     10,388.0000  24,121,926.0000        260,744,942.0000   0.0925   0.0925

