        weight_2022 pitax_2022 calc_total_inc_2022 weight_ref_2022 pitax_ref_2022 calc_total_inc_ref_2022 weight_ref_2023 pitax_ref_2023 calc_total_inc_ref_2023 weight_ref_2024 pitax_ref_2024 calc_total_inc_ref_2024 weight_ref_2025 pitax_ref_2025 calc_total_inc_ref_2025 weight_ref_2026 pitax_ref_2026 calc_total_inc_ref_2026 weight_ref_2027 pitax_ref_2027 calc_total_inc_ref_2027 weight_ref_2028 pitax_ref_2028 calc_total_inc_ref_2028
 0-10n          -99          0                   0             -99              0                       0             -99              0                       0             -99              0                       0             -99              0                       0             -99              0                       0             -99              0                       0             -99              0                       0
 0-10z          -99          0                   0             -99              0                       0             -99              0                       0             -99              0                       0             -99              0                       0             -99              0                       0             -99              0                       0             -99              0                       0
 0-10p        1,038          0              -8,790           1,038              0                  -8,790           1,038              0                  -9,572           1,038              0                 -10,300           1,038              0                 -11,062           1,038              0                 -11,836           1,038              0                 -12,665           1,038              0                 -13,551
 10-20        1,039          0                   0           1,039              0                       0           1,039              0                       0           1,039              0                       0           1,039              0                       0           1,039              0                       0           1,039              0                       0           1,039              0                       0
 20-30        1,039          0                   0           1,039              0                       0           1,039              0                       0           1,039              0                       0           1,039              0                       0           1,039              0                       0           1,039              0                       0           1,039              0                       0
 30-40        1,039         16               1,333           1,039            156                   1,333           1,039            188                   1,452           1,039            218                   1,562           1,039            249                   1,678           1,039            279                   1,795           1,039            308                   1,921           1,039            335                   2,055
 40-50        1,038        116               3,770           1,038            759                   3,770           1,038            801                   4,106           1,038            835                   4,418           1,038            868                   4,744           1,038            903                   5,077           1,038            941                   5,432           1,038            983                   5,812
 50-60        1,039        303               6,291           1,039          1,055                   6,291           1,039          1,124                   6,851           1,039          1,191                   7,371           1,039          1,262                   7,917           1,039          1,334                   8,471           1,039          1,411                   9,064           1,039          1,494                   9,699
 60-70        1,039        663              10,321           1,039          1,606                  10,321           1,039          1,728                  11,239           1,039          1,842                  12,093           1,039          1,961                  12,988           1,039          2,081                  13,897           1,039          2,211                  14,870           1,039          2,350                  15,911
 70-80        1,039      1,370              17,924           1,039          2,679                  17,924           1,039          2,896                  19,519           1,039          3,098                  21,003           1,039          3,310                  22,557           1,039          3,525                  24,136           1,039          3,756                  25,825           1,039          4,002                  27,633
 80-90        1,039      3,099              36,077           1,039          5,283                  36,077           1,039          5,732                  39,287           1,039          6,149                  42,273           1,039          6,586                  45,401           1,039          7,030                  48,580           1,039          7,506                  51,980           1,039          8,014                  55,619
 90-100       1,039     17,682             184,027           1,039         27,163                 184,027           1,039         29,559                 200,406           1,039         31,787                 215,637           1,039         34,121                 231,594           1,039         36,493                 247,805           1,039         39,030                 265,152           1,039         41,745                 283,712
 ALL         10,388      2,325              25,101          10,388          3,871                  25,101          10,388          4,204                  27,335          10,388          4,513                  29,412          10,388          4,837                  31,588          10,388          5,165                  33,800          10,388          5,517                  36,166          10,388          5,893                  38,697
 90-95          519      6,988              75,271             519         11,124                  75,271             519         12,093                  81,971             519         12,993                  88,200             519         13,936                  94,727             519         14,895                 101,358             519         15,920                 108,453             519         17,018                 116,045
 95-99          416     16,814             177,205             416         25,858                 177,205             416         28,137                 192,977             416         30,257                 207,643             416         32,479                 223,008             416         34,735                 238,619             416         37,150                 255,322             416         39,733                 273,195
 Top 1%         104     74,520             754,048             104        112,426                 754,048             104        122,410                 821,158             104        131,695                 883,566             104        141,422                 948,950             104        151,304               1,015,377             104        161,878               1,086,453             104        173,192               1,162,505

