        weight_2021 pitax_2021 total_gross_income_2021 weight_ref_2021 pitax_ref_2021 total_gross_income_ref_2021 weight_ref_2022 pitax_ref_2022 total_gross_income_ref_2022 weight_ref_2023 pitax_ref_2023 total_gross_income_ref_2023 weight_ref_2024 pitax_ref_2024 total_gross_income_ref_2024 weight_ref_2025 pitax_ref_2025 total_gross_income_ref_2025 weight_ref_2026 pitax_ref_2026 total_gross_income_ref_2026 weight_ref_2027 pitax_ref_2027 total_gross_income_ref_2027
 0-10n          -99          0                       0             -99              0                           0             -99              0                           0             -99              0                           0             -99              0                           0             -99              0                           0             -99              0                           0             -99              0                           0
 0-10z          -99          0                       0             -99              0                           0             -99              0                           0             -99              0                           0             -99              0                           0             -99              0                           0             -99              0                           0             -99              0                           0
 0-10p       95,366      9,712                  45,014          95,366          9,712                      45,014          95,366         10,278                      49,913          95,366         10,645                      54,285          95,366         11,493                      58,635          95,366         12,468                      63,725          95,366         13,524                      69,121          95,366         14,662                      74,939
 10-20       95,366     58,526                 272,001          95,366         58,526                     272,001          95,366         61,967                     301,607          95,366         64,184                     328,022          95,366         69,229                     354,310          95,366         75,139                     385,064          95,366         81,502                     417,669          95,366         88,377                     452,825
 20-30       95,366    118,932                 553,533          95,366        118,932                     553,533          95,366        125,935                     613,782          95,366        130,524                     667,538          95,366        140,953                     721,035          95,366        153,079                     783,621          95,366        166,071                     849,972          95,366        180,068                     921,517
 30-40       95,366    188,030                 879,787          95,366        188,030                     879,787          95,366        199,156                     975,547          95,366        206,506                   1,060,987          95,366        223,056                   1,146,014          95,366        242,324                   1,245,488          95,366        262,883                   1,350,947          95,366        285,051                   1,464,661
 40-50       95,366    246,669               1,140,999          95,366        246,669                   1,140,999          95,366        261,089                   1,265,190          95,366        270,478                   1,375,997          95,366        292,090                   1,486,270          95,366        317,407                   1,615,278          95,366        344,406                   1,752,048          95,366        373,397                   1,899,524
 50-60       95,366    302,666               1,405,549          95,366        302,666                   1,405,549          95,366        320,322                   1,558,533          95,366        331,891                   1,695,033          95,366        358,390                   1,830,873          95,366        389,280                   1,989,793          95,366        422,533                   2,158,274          95,366        458,315                   2,339,943
 60-70       95,372    384,800               1,799,089          95,372        384,800                   1,799,089          95,372        407,117                   1,994,908          95,372        421,713                   2,169,626          95,372        455,139                   2,343,500          95,372        494,110                   2,546,915          95,372        536,235                   2,762,570          95,372        581,678                   2,995,105
 70-80       95,374    508,596               2,405,977          95,374        508,596                   2,405,977          95,374        537,977                   2,667,852          95,374        557,383                   2,901,507          95,374        601,467                   3,134,034          95,374        652,668                   3,406,068          95,374        708,298                   3,694,469          95,374        768,503                   4,005,446
 80-90       95,367    731,367               3,580,991          95,367        731,367                   3,580,991          95,367        772,040                   3,970,759          95,367        798,764                   4,318,526          95,367        860,050                   4,664,613          95,367        931,398                   5,069,501          95,367      1,012,033                   5,498,749          95,367      1,099,770                   5,961,598
 90-100      95,369  1,910,038              13,462,916          95,369      1,910,038                  13,462,916          95,369      2,022,953                  14,928,267          95,369      2,101,771                  16,235,715          95,369      2,255,891                  17,536,846          95,369      2,425,727                  19,059,042          95,369      2,661,029                  20,672,824          95,369      2,923,565                  22,412,929
 ALL        953,680    445,938               2,554,609         953,680        445,938                   2,554,609         953,680        471,888                   2,832,662         953,680        489,390                   3,080,752         953,680        526,781                   3,327,643         953,680        569,366                   3,616,483         953,680        620,857                   3,922,700         953,680        677,345                   4,252,888
 90-95       47,683  1,103,503               5,735,486          47,683      1,103,503                   5,735,486          47,683      1,157,521                   6,359,757          47,683      1,193,567                   6,916,757          47,683      1,279,670                   7,471,066          47,683      1,380,465                   8,119,554          47,683      1,504,057                   8,807,059          47,683      1,640,431                   9,548,381
 95-99       38,140  1,763,623              10,858,699          38,140      1,763,623                  10,858,699          38,140      1,832,406                  12,040,598          38,140      1,882,207                  13,095,137          38,140      2,008,630                  14,144,582          38,140      2,150,835                  15,372,331          38,140      2,372,092                  16,673,948          38,140      2,620,840                  18,077,454
 Top 1%       9,545  6,524,132              62,471,194           9,545      6,524,132                  62,471,194           9,545      7,107,609                  69,270,780           9,545      7,516,037                  75,337,652           9,545      8,120,603                  81,375,215           9,545      8,745,743                  88,438,578           9,545      9,595,222                  95,926,914           9,545     10,543,087                 104,001,422

