         weight_2022 pitax_2022 calc_total_inc_2022 weight_ref_2022 pitax_ref_2022 calc_total_inc_ref_2022 weight_ref_2023 pitax_ref_2023 calc_total_inc_ref_2023 weight_ref_2024 pitax_ref_2024 calc_total_inc_ref_2024 weight_ref_2025 pitax_ref_2025 calc_total_inc_ref_2025 weight_ref_2026 pitax_ref_2026 calc_total_inc_ref_2026 weight_ref_2027 pitax_ref_2027 calc_total_inc_ref_2027 weight_ref_2028 pitax_ref_2028 calc_total_inc_ref_2028
<0             754.0          0                  -9           754.0              0                      -9           754.0              0                     -10           754.0              0                     -11           754.0              0                     -11           754.0              0                     -12           754.0              0                     -13           754.0              0                     -14
=0            2349.0          0                   0          2349.0              0                       0          2349.0              0                       0          2349.0              0                       0          2349.0              0                       0          2349.0              0                       0          2349.0              0                       0          2349.0              0                       0
0-5m          7285.0         24                 270          7285.0             40                     270          7285.0             44                     294          7285.0             47                     316          7285.0             50                     340          7285.0             54                     363          7285.0             57                     389          7285.0             61                     416
5-10m            0.0          0                   0             0.0              0                       0             0.0              0                       0             0.0              0                       0             0.0              0                       0             0.0              0                       0             0.0              0                       0             0.0              0                       0
10-15m           0.0          0                   0             0.0              0                       0             0.0              0                       0             0.0              0                       0             0.0              0                       0             0.0              0                       0             0.0              0                       0             0.0              0                       0
15-20m           0.0          0                   0             0.0              0                       0             0.0              0                       0             0.0              0                       0             0.0              0                       0             0.0              0                       0             0.0              0                       0             0.0              0                       0
20-30m           0.0          0                   0             0.0              0                       0             0.0              0                       0             0.0              0                       0             0.0              0                       0             0.0              0                       0             0.0              0                       0             0.0              0                       0
30-40m           0.0          0                   0             0.0              0                       0             0.0              0                       0             0.0              0                       0             0.0              0                       0             0.0              0                       0             0.0              0                       0             0.0              0                       0
40-50m           0.0          0                   0             0.0              0                       0             0.0              0                       0             0.0              0                       0             0.0              0                       0             0.0              0                       0             0.0              0                       0             0.0              0                       0
50-100m          0.0          0                   0             0.0              0                       0             0.0              0                       0             0.0              0                       0             0.0              0                       0             0.0              0                       0             0.0              0                       0             0.0              0                       0
100-500m         0.0          0                   0             0.0              0                       0             0.0              0                       0             0.0              0                       0             0.0              0                       0             0.0              0                       0             0.0              0                       0             0.0              0                       0
500m-1bn         0.0          0                   0             0.0              0                       0             0.0              0                       0             0.0              0                       0             0.0              0                       0             0.0              0                       0             0.0              0                       0             0.0              0                       0
>1bn             0.0          0                   0             0.0              0                       0             0.0              0                       0             0.0              0                       0             0.0              0                       0             0.0              0                       0             0.0              0                       0             0.0              0                       0
ALL          10388.0         24                 261         10388.0             40                     261         10388.0             44                     284         10388.0             47                     306         10388.0             50                     328         10388.0             54                     351         10388.0             57                     376         10388.0             61                     402

