     weight_2022       totax_2022 calc_turnover_small_2022 weight_ref_2022   totax_ref_2022 calc_turnover_small_ref_2022 weight_ref_2023   totax_ref_2023 calc_turnover_small_ref_2023 weight_ref_2024   totax_ref_2024 calc_turnover_small_ref_2024 weight_ref_2025   totax_ref_2025 calc_turnover_small_ref_2025 weight_ref_2026   totax_ref_2026 calc_turnover_small_ref_2026 weight_ref_2027   totax_ref_2027 calc_turnover_small_ref_2027 weight_ref_2028   totax_ref_2028 calc_turnover_small_ref_2028      ETR  ETR_ref
0       375.0000      56,250.0000                   0.0000        375.0000      56,250.0000                       0.0000        375.0000      56,250.0000                       0.0000        375.0000      56,250.0000                       0.0000        375.0000      56,250.0000                       0.0000        375.0000      56,250.0000                       0.0000        375.0000      56,250.0000                       0.0000        375.0000      56,250.0000                       0.0000      inf      inf
1       375.0000      56,250.0000                   0.0000        375.0000      56,250.0000                       0.0000        375.0000      56,250.0000                       0.0000        375.0000      56,250.0000                       0.0000        375.0000      56,250.0000                       0.0000        375.0000      56,250.0000                       0.0000        375.0000      56,250.0000                       0.0000        375.0000      56,250.0000                       0.0000      inf      inf
2       375.0000      56,250.0000                   0.0000        375.0000      56,250.0000                       0.0000        375.0000      56,250.0000                       0.0000        375.0000      56,250.0000                       0.0000        375.0000      56,250.0000                       0.0000        375.0000      56,250.0000                       0.0000        375.0000      56,250.0000                       0.0000        375.0000      56,250.0000                       0.0000      inf      inf
3       376.0000      56,400.0000                   0.0000        376.0000      56,400.0000                       0.0000        376.0000      56,400.0000                       0.0000        376.0000      56,400.0000                       0.0000        376.0000      56,400.0000                       0.0000        376.0000      56,400.0000                       0.0000        376.0000      56,400.0000                       0.0000        376.0000      56,400.0000                       0.0000      inf      inf
4       375.0000      56,250.0000                   0.0000        375.0000      56,250.0000                       0.0000        375.0000      56,250.0000                       0.0000        375.0000      56,250.0000                       0.0000        375.0000      56,250.0000                       0.0000        375.0000      56,250.0000                       0.0000        375.0000      56,250.0000                       0.0000        375.0000      56,250.0000                       0.0000      inf      inf
5       375.0000      66,095.0000                   0.0000        375.0000      66,095.0000                       0.0000        375.0000      68,019.0000                       0.0000        375.0000      70,039.0000                       0.0000        375.0000      72,160.0000                       0.0000        375.0000      74,386.0000                       0.0000        375.0000      76,725.0000                       0.0000        375.0000      79,180.0000                       0.0000      inf      inf
6       375.0000      56,250.0000                   0.0000        375.0000      56,250.0000                       0.0000        375.0000      56,892.0000                       0.0000        375.0000      57,566.0000                       0.0000        375.0000      58,273.0000                       0.0000        375.0000      59,017.0000                       0.0000        375.0000      59,797.0000                       0.0000        375.0000      60,616.0000                       0.0000      inf      inf
7       376.0000      56,400.0000                   0.0000        376.0000      56,400.0000                       0.0000        376.0000      56,634.0000                       0.0000        376.0000      56,879.0000                       0.0000        376.0000      57,137.0000                       0.0000        376.0000      57,407.0000                       0.0000        376.0000      57,691.0000                       0.0000        376.0000      57,989.0000                       0.0000      inf      inf
8       375.0000      56,250.0000                   0.0000        375.0000      56,250.0000                       0.0000        375.0000      56,250.0000                       0.0000        375.0000      56,250.0000                       0.0000        375.0000      56,250.0000                       0.0000        375.0000      56,250.0000                       0.0000        375.0000      56,250.0000                       0.0000        375.0000      56,250.0000                       0.0000      inf      inf
9       375.0000      56,250.0000                   0.0000        375.0000      56,250.0000                       0.0000        375.0000      56,250.0000                       0.0000        375.0000      56,250.0000                       0.0000        375.0000      56,250.0000                       0.0000        375.0000      56,250.0000                       0.0000        375.0000      56,250.0000                       0.0000        375.0000      56,250.0000                       0.0000      inf      inf
10      375.0000      56,250.0000                   0.0000        375.0000      56,250.0000                       0.0000        375.0000      56,250.0000                       0.0000        375.0000      56,250.0000                       0.0000        375.0000      56,250.0000                       0.0000        375.0000      56,250.0000                       0.0000        375.0000      56,250.0000                       0.0000        375.0000      56,250.0000                       0.0000      inf      inf
11      376.0000      56,400.0000                   0.0000        376.0000      56,400.0000                       0.0000        376.0000      56,400.0000                       0.0000        376.0000      56,400.0000                       0.0000        376.0000      56,400.0000                       0.0000        376.0000      56,400.0000                       0.0000        376.0000      56,400.0000                       0.0000        376.0000      56,400.0000                       0.0000      inf      inf
12      375.0000      56,250.0000                   0.0000        375.0000      56,250.0000                       0.0000        375.0000      56,250.0000                       0.0000        375.0000      56,250.0000                       0.0000        375.0000      56,250.0000                       0.0000        375.0000      56,250.0000                       0.0000        375.0000      56,250.0000                       0.0000        375.0000      56,250.0000                       0.0000      inf      inf
13      375.0000      56,250.0000                   0.0000        375.0000      56,250.0000                       0.0000        375.0000      56,250.0000                       0.0000        375.0000      56,250.0000                       0.0000        375.0000      56,250.0000                       0.0000        375.0000      56,250.0000                       0.0000        375.0000      56,250.0000                       0.0000        375.0000      56,250.0000                       0.0000      inf      inf
14      376.0000      56,400.0000                   0.0000        376.0000      56,400.0000                       0.0000        376.0000      56,400.0000                       0.0000        376.0000      56,400.0000                       0.0000        376.0000      56,400.0000                       0.0000        376.0000      56,400.0000                       0.0000        376.0000      56,400.0000                       0.0000        376.0000      56,400.0000                       0.0000      inf      inf
15      375.0000      56,250.0000                   0.0000        375.0000      56,250.0000                       0.0000        375.0000      56,250.0000                       0.0000        375.0000      56,250.0000                       0.0000        375.0000      56,250.0000                       0.0000        375.0000      56,250.0000                       0.0000        375.0000      56,250.0000                       0.0000        375.0000      56,250.0000                       0.0000      inf      inf
16      375.0000      56,250.0000                   0.0000        375.0000      56,250.0000                       0.0000        375.0000      56,250.0000                       0.0000        375.0000      56,250.0000                       0.0000        375.0000      56,250.0000                       0.0000        375.0000      56,250.0000                       0.0000        375.0000      56,250.0000                       0.0000        375.0000      56,250.0000                       0.0000      inf      inf
17      375.0000      56,250.0000                   0.0000        375.0000      56,250.0000                       0.0000        375.0000      56,250.0000                       0.0000        375.0000      56,250.0000                       0.0000        375.0000      56,250.0000                       0.0000        375.0000      56,250.0000                       0.0000        375.0000      56,250.0000                       0.0000        375.0000      56,250.0000                       0.0000      inf      inf
18      376.0000      56,400.0000                   0.0000        376.0000      56,400.0000                       0.0000        376.0000      56,400.0000                       0.0000        376.0000      56,400.0000                       0.0000        376.0000      56,400.0000                       0.0000        376.0000      56,400.0000                       0.0000        376.0000      56,400.0000                       0.0000        376.0000      56,400.0000                       0.0000      inf      inf
19      375.0000      56,250.0000                   0.0000        375.0000      56,250.0000                       0.0000        375.0000      56,250.0000                       0.0000        375.0000      56,250.0000                       0.0000        375.0000      56,250.0000                       0.0000        375.0000      56,250.0000                       0.0000        375.0000      56,250.0000                       0.0000        375.0000      56,250.0000                       0.0000      inf      inf
20      375.0000      56,250.0000                   0.0000        375.0000      56,250.0000                       0.0000        375.0000      56,250.0000                       0.0000        375.0000      56,250.0000                       0.0000        375.0000      56,250.0000                       0.0000        375.0000      56,250.0000                       0.0000        375.0000      56,250.0000                       0.0000        375.0000      56,250.0000                       0.0000      inf      inf
21      375.0000      56,250.0000                   0.0000        375.0000      56,250.0000                       0.0000        375.0000      56,250.0000                       0.0000        375.0000      56,250.0000                       0.0000        375.0000      56,250.0000                       0.0000        375.0000      56,250.0000                       0.0000        375.0000      56,250.0000                       0.0000        375.0000      56,250.0000                       0.0000      inf      inf
22      376.0000      56,400.0000                   0.0000        376.0000      56,400.0000                       0.0000        376.0000      56,538.0000                       0.0000        376.0000      56,684.0000                       0.0000        376.0000      56,836.0000                       0.0000        376.0000      56,997.0000                       0.0000        376.0000      57,165.0000                       0.0000        376.0000      57,341.0000                       0.0000      inf      inf
23      375.0000      64,170.0000                   0.0000        375.0000      64,170.0000                       0.0000        375.0000      64,566.0000                       0.0000        375.0000      64,982.0000                       0.0000        375.0000      65,418.0000                       0.0000        375.0000      65,877.0000                       0.0000        375.0000      66,358.0000                       0.0000        375.0000      66,864.0000                       0.0000      inf      inf
24      375.0000      56,250.0000                   0.0000        375.0000      56,250.0000                       0.0000        375.0000      56,566.0000                       0.0000        375.0000      56,899.0000                       0.0000        375.0000      57,248.0000                       0.0000        375.0000      57,614.0000                       0.0000        375.0000      57,999.0000                       0.0000        375.0000      58,403.0000                       0.0000      inf      inf
25      376.0000      56,745.0000                   0.0000        376.0000      56,745.0000                       0.0000        376.0000      58,624.0000                       0.0000        376.0000      60,598.0000                       0.0000        376.0000      62,670.0000                       0.0000        376.0000      64,846.0000                       0.0000        376.0000      67,131.0000                       0.0000        376.0000      69,530.0000                       0.0000      inf      inf
26      375.0000      67,054.0000                   0.0000        375.0000      67,054.0000                       0.0000        375.0000      68,399.0000                       0.0000        375.0000      69,810.0000                       0.0000        375.0000      71,292.0000                       0.0000        375.0000      72,848.0000                       0.0000        375.0000      74,482.0000                       0.0000        375.0000      76,198.0000                       0.0000      inf      inf
27      375.0000      56,250.0000                   0.0000        375.0000      56,250.0000                       0.0000        375.0000      56,617.0000                       0.0000        375.0000      57,003.0000                       0.0000        375.0000      57,408.0000                       0.0000        375.0000      57,833.0000                       0.0000        375.0000      58,279.0000                       0.0000        375.0000      58,748.0000                       0.0000      inf      inf
28      375.0000      56,250.0000                   0.0000        375.0000      56,250.0000                       0.0000        375.0000      56,363.0000                       0.0000        375.0000      56,481.0000                       0.0000        375.0000      56,605.0000                       0.0000        375.0000      56,735.0000                       0.0000        375.0000      56,872.0000                       0.0000        375.0000      57,016.0000                       0.0000      inf      inf
29      376.0000      57,034.0000                   0.0000        376.0000      57,034.0000                       0.0000        376.0000      57,573.0000                       0.0000        376.0000      58,139.0000                       0.0000        376.0000      58,734.0000                       0.0000        376.0000      59,358.0000                       0.0000        376.0000      60,013.0000                       0.0000        376.0000      60,702.0000                       0.0000      inf      inf
30      375.0000      57,287.0000                   0.0000        375.0000      57,287.0000                       0.0000        375.0000      57,339.0000                       0.0000        375.0000      57,393.0000                       0.0000        375.0000      57,450.0000                       0.0000        375.0000      57,510.0000                       0.0000        375.0000      57,573.0000                       0.0000        375.0000      57,639.0000                       0.0000      inf      inf
31      375.0000      56,250.0000                   0.0000        375.0000      56,250.0000                       0.0000        375.0000      57,224.0000                       0.0000        375.0000      58,246.0000                       0.0000        375.0000      59,320.0000                       0.0000        375.0000      60,447.0000                       0.0000        375.0000      61,631.0000                       0.0000        375.0000      62,873.0000                       0.0000      inf      inf
32      375.0000      56,771.0000                   0.0000        375.0000      56,771.0000                       0.0000        375.0000      56,874.0000                       0.0000        375.0000      56,982.0000                       0.0000        375.0000      57,095.0000                       0.0000        375.0000      57,214.0000                       0.0000        375.0000      57,339.0000                       0.0000        375.0000      57,471.0000                       0.0000      inf      inf
33      376.0000      56,400.0000                   0.0000        376.0000      56,400.0000                       0.0000        376.0000      57,056.0000                       0.0000        376.0000      57,744.0000                       0.0000        376.0000      58,466.0000                       0.0000        376.0000      59,225.0000                       0.0000        376.0000      60,022.0000                       0.0000        376.0000      60,859.0000                       0.0000      inf      inf
34      375.0000      56,250.0000                   0.0000        375.0000      56,250.0000                       0.0000        375.0000      56,250.0000                       0.0000        375.0000      56,250.0000                       0.0000        375.0000      56,250.0000                       0.0000        375.0000      56,250.0000                       0.0000        375.0000      56,250.0000                       0.0000        375.0000      56,250.0000                       0.0000      inf      inf
35      375.0000      56,250.0000                   0.0000        375.0000      56,250.0000                       0.0000        375.0000      56,314.0000                       0.0000        375.0000      56,381.0000                       0.0000        375.0000      56,451.0000                       0.0000        375.0000      56,525.0000                       0.0000        375.0000      56,603.0000                       0.0000        375.0000      56,684.0000                       0.0000      inf      inf
36      375.0000      56,250.0000                   0.0000        375.0000      56,250.0000                       0.0000        375.0000      59,665.0000                       0.0000        375.0000      63,251.0000                       0.0000        375.0000      67,016.0000                       0.0000        375.0000      70,969.0000                       0.0000        375.0000      75,120.0000                       0.0000        375.0000      79,478.0000                       0.0000      inf      inf
37      376.0000      57,156.0000                   0.0000        376.0000      57,156.0000                       0.0000        376.0000      57,756.0000                       0.0000        376.0000      58,385.0000                       0.0000        376.0000      59,046.0000                       0.0000        376.0000      59,740.0000                       0.0000        376.0000      60,469.0000                       0.0000        376.0000      61,234.0000                       0.0000      inf      inf
38      375.0000      56,378.0000                   0.0000        375.0000      56,378.0000                       0.0000        375.0000      56,853.0000                       0.0000        375.0000      57,352.0000                       0.0000        375.0000      57,876.0000                       0.0000        375.0000      58,426.0000                       0.0000        375.0000      59,003.0000                       0.0000        375.0000      59,610.0000                       0.0000      inf      inf
39      375.0000      57,244.0000                   0.0000        375.0000      57,244.0000                       0.0000        375.0000      57,558.0000                       0.0000        375.0000      57,888.0000                       0.0000        375.0000      58,235.0000                       0.0000        375.0000      58,599.0000                       0.0000        375.0000      58,982.0000                       0.0000        375.0000      59,383.0000                       0.0000      inf      inf
40      376.0000      56,602.0000                   0.0000        376.0000      56,602.0000                       0.0000        376.0000      57,226.0000                       0.0000        376.0000      57,882.0000                       0.0000        376.0000      58,570.0000                       0.0000        376.0000      59,293.0000                       0.0000        376.0000      60,052.0000                       0.0000        376.0000      60,850.0000                       0.0000      inf      inf
41      375.0000      56,250.0000                   0.0000        375.0000      56,250.0000                       0.0000        375.0000      56,250.0000                       0.0000        375.0000      56,250.0000                       0.0000        375.0000      56,250.0000                       0.0000        375.0000      56,250.0000                       0.0000        375.0000      56,250.0000                       0.0000        375.0000      56,250.0000                       0.0000      inf      inf
42      375.0000      56,250.0000                   0.0000        375.0000      56,250.0000                       0.0000        375.0000      56,250.0000                       0.0000        375.0000      56,250.0000                       0.0000        375.0000      56,250.0000                       0.0000        375.0000      56,250.0000                       0.0000        375.0000      56,250.0000                       0.0000        375.0000      56,250.0000                       0.0000      inf      inf
43      375.0000      56,250.0000                   0.0000        375.0000      56,250.0000                       0.0000        375.0000      56,250.0000                       0.0000        375.0000      56,250.0000                       0.0000        375.0000      56,250.0000                       0.0000        375.0000      56,250.0000                       0.0000        375.0000      56,250.0000                       0.0000        375.0000      56,250.0000                       0.0000      inf      inf
44      376.0000      56,400.0000                   0.0000        376.0000      56,400.0000                       0.0000        376.0000      56,400.0000                       0.0000        376.0000      56,400.0000                       0.0000        376.0000      56,400.0000                       0.0000        376.0000      56,400.0000                       0.0000        376.0000      56,400.0000                       0.0000        376.0000      56,400.0000                       0.0000      inf      inf
45      375.0000      56,250.0000                   0.0000        375.0000      56,250.0000                       0.0000        375.0000      56,250.0000                       0.0000        375.0000      56,250.0000                       0.0000        375.0000      56,250.0000                       0.0000        375.0000      56,250.0000                       0.0000        375.0000      56,250.0000                       0.0000        375.0000      56,250.0000                       0.0000      inf      inf
46      375.0000      56,250.0000                   0.0000        375.0000      56,250.0000                       0.0000        375.0000      56,250.0000                       0.0000        375.0000      56,250.0000                       0.0000        375.0000      56,250.0000                       0.0000        375.0000      56,250.0000                       0.0000        375.0000      56,250.0000                       0.0000        375.0000      56,250.0000                       0.0000      inf      inf
47      375.0000      56,250.0000                   0.0000        375.0000      56,250.0000                       0.0000        375.0000      56,250.0000                       0.0000        375.0000      56,250.0000                       0.0000        375.0000      56,250.0000                       0.0000        375.0000      56,250.0000                       0.0000        375.0000      56,250.0000                       0.0000        375.0000      56,250.0000                       0.0000      inf      inf
48      376.0000      56,400.0000                   0.0000        376.0000      56,400.0000                       0.0000        376.0000      56,400.0000                       0.0000        376.0000      56,400.0000                       0.0000        376.0000      56,400.0000                       0.0000        376.0000      56,400.0000                       0.0000        376.0000      56,400.0000                       0.0000        376.0000      56,400.0000                       0.0000      inf      inf
49      375.0000      56,250.0000                   0.0000        375.0000      56,250.0000                       0.0000        375.0000      56,250.0000                       0.0000        375.0000      56,250.0000                       0.0000        375.0000      56,250.0000                       0.0000        375.0000      56,250.0000                       0.0000        375.0000      56,250.0000                       0.0000        375.0000      56,250.0000                       0.0000      inf      inf
50      375.0000      56,250.0000                   0.0000        375.0000      56,250.0000                       0.0000        375.0000      56,250.0000                       0.0000        375.0000      56,250.0000                       0.0000        375.0000      56,250.0000                       0.0000        375.0000      56,250.0000                       0.0000        375.0000      56,250.0000                       0.0000        375.0000      56,250.0000                       0.0000      inf      inf
51      376.0000      56,400.0000                   0.0000        376.0000      56,400.0000                       0.0000        376.0000      56,400.0000                       0.0000        376.0000      56,400.0000                       0.0000        376.0000      56,400.0000                       0.0000        376.0000      56,400.0000                       0.0000        376.0000      56,400.0000                       0.0000        376.0000      56,400.0000                       0.0000      inf      inf
52      375.0000      56,250.0000                   0.0000        375.0000      56,250.0000                       0.0000        375.0000      56,250.0000                       0.0000        375.0000      56,250.0000                       0.0000        375.0000      56,250.0000                       0.0000        375.0000      56,250.0000                       0.0000        375.0000      56,250.0000                       0.0000        375.0000      56,250.0000                       0.0000      inf      inf
53      375.0000      56,250.0000                   0.0000        375.0000      56,250.0000                       0.0000        375.0000      56,250.0000                       0.0000        375.0000      56,250.0000                       0.0000        375.0000      56,250.0000                       0.0000        375.0000      56,250.0000                       0.0000        375.0000      56,250.0000                       0.0000        375.0000      56,250.0000                       0.0000      inf      inf
54      375.0000      56,250.0000                   0.0000        375.0000      56,250.0000                       0.0000        375.0000      56,250.0000                       0.0000        375.0000      56,250.0000                       0.0000        375.0000      56,250.0000                       0.0000        375.0000      56,250.0000                       0.0000        375.0000      56,250.0000                       0.0000        375.0000      56,250.0000                       0.0000      inf      inf
55      376.0000      56,400.0000                   0.0000        376.0000      56,400.0000                       0.0000        376.0000      56,400.0000                       0.0000        376.0000      56,400.0000                       0.0000        376.0000      56,400.0000                       0.0000        376.0000      56,400.0000                       0.0000        376.0000      56,400.0000                       0.0000        376.0000      56,400.0000                       0.0000      inf      inf
56      375.0000      56,250.0000                   0.0000        375.0000      56,250.0000                       0.0000        375.0000      56,250.0000                       0.0000        375.0000      56,250.0000                       0.0000        375.0000      56,250.0000                       0.0000        375.0000      56,250.0000                       0.0000        375.0000      56,250.0000                       0.0000        375.0000      56,250.0000                       0.0000      inf      inf
57      375.0000      56,250.0000                   0.0000        375.0000      56,250.0000                       0.0000        375.0000      56,250.0000                       0.0000        375.0000      56,250.0000                       0.0000        375.0000      56,250.0000                       0.0000        375.0000      56,250.0000                       0.0000        375.0000      56,250.0000                       0.0000        375.0000      56,250.0000                       0.0000      inf      inf
58      375.0000      56,250.0000                   0.0000        375.0000      56,250.0000                       0.0000        375.0000      56,250.0000                       0.0000        375.0000      56,250.0000                       0.0000        375.0000      56,250.0000                       0.0000        375.0000      56,250.0000                       0.0000        375.0000      56,250.0000                       0.0000        375.0000      56,250.0000                       0.0000      inf      inf
59      376.0000      56,400.0000                   0.0000        376.0000      56,400.0000                       0.0000        376.0000      56,400.0000                       0.0000        376.0000      56,400.0000                       0.0000        376.0000      56,400.0000                       0.0000        376.0000      56,400.0000                       0.0000        376.0000      56,400.0000                       0.0000        376.0000      56,400.0000                       0.0000      inf      inf
60      375.0000      56,250.0000                   0.0000        375.0000      56,250.0000                       0.0000        375.0000      56,250.0000                       0.0000        375.0000      56,250.0000                       0.0000        375.0000      56,250.0000                       0.0000        375.0000      56,250.0000                       0.0000        375.0000      56,250.0000                       0.0000        375.0000      56,250.0000                       0.0000      inf      inf
61      375.0000      56,250.0000                   0.0000        375.0000      56,250.0000                       0.0000        375.0000      56,250.0000                       0.0000        375.0000      56,250.0000                       0.0000        375.0000      56,250.0000                       0.0000        375.0000      56,250.0000                       0.0000        375.0000      56,250.0000                       0.0000        375.0000      56,250.0000                       0.0000      inf      inf
62      376.0000      56,400.0000                   0.0000        376.0000      56,400.0000                       0.0000        376.0000      56,400.0000                       0.0000        376.0000      56,400.0000                       0.0000        376.0000      56,400.0000                       0.0000        376.0000      56,400.0000                       0.0000        376.0000      56,400.0000                       0.0000        376.0000      56,400.0000                       0.0000      inf      inf
63      375.0000      56,250.0000                   0.0000        375.0000      56,250.0000                       0.0000        375.0000      56,250.0000                       0.0000        375.0000      56,250.0000                       0.0000        375.0000      56,250.0000                       0.0000        375.0000      56,250.0000                       0.0000        375.0000      56,250.0000                       0.0000        375.0000      56,250.0000                       0.0000      inf      inf
64      375.0000      56,250.0000                   0.0000        375.0000      56,250.0000                       0.0000        375.0000      56,250.0000                       0.0000        375.0000      56,250.0000                       0.0000        375.0000      56,250.0000                       0.0000        375.0000      56,250.0000                       0.0000        375.0000      56,250.0000                       0.0000        375.0000      56,250.0000                       0.0000      inf      inf
65      375.0000      56,250.0000                   0.0000        375.0000      56,250.0000                       0.0000        375.0000      56,250.0000                       0.0000        375.0000      56,250.0000                       0.0000        375.0000      56,250.0000                       0.0000        375.0000      56,250.0000                       0.0000        375.0000      56,250.0000                       0.0000        375.0000      56,250.0000                       0.0000      inf      inf
66      376.0000      56,400.0000                   0.0000        376.0000      56,400.0000                       0.0000        376.0000      56,400.0000                       0.0000        376.0000      56,400.0000                       0.0000        376.0000      56,400.0000                       0.0000        376.0000      56,400.0000                       0.0000        376.0000      56,400.0000                       0.0000        376.0000      56,400.0000                       0.0000      inf      inf
67      375.0000      56,250.0000                   0.0000        375.0000      56,250.0000                       0.0000        375.0000      56,250.0000                       0.0000        375.0000      56,250.0000                       0.0000        375.0000      56,250.0000                       0.0000        375.0000      56,250.0000                       0.0000        375.0000      56,250.0000                       0.0000        375.0000      56,250.0000                       0.0000      inf      inf
68      375.0000      56,250.0000                   0.0000        375.0000      56,250.0000                       0.0000        375.0000      56,250.0000                       0.0000        375.0000      56,250.0000                       0.0000        375.0000      56,250.0000                       0.0000        375.0000      56,250.0000                       0.0000        375.0000      56,250.0000                       0.0000        375.0000      56,250.0000                       0.0000      inf      inf
69      375.0000      56,250.0000                   0.0000        375.0000      56,250.0000                       0.0000        375.0000      56,250.0000                       0.0000        375.0000      56,250.0000                       0.0000        375.0000      56,250.0000                       0.0000        375.0000      56,250.0000                       0.0000        375.0000      56,250.0000                       0.0000        375.0000      56,250.0000                       0.0000      inf      inf
70      376.0000      56,400.0000                   0.0000        376.0000      56,400.0000                       0.0000        376.0000      56,400.0000                       0.0000        376.0000      56,400.0000                       0.0000        376.0000      56,400.0000                       0.0000        376.0000      56,400.0000                       0.0000        376.0000      56,400.0000                       0.0000        376.0000      56,400.0000                       0.0000      inf      inf
71      375.0000      56,250.0000                   0.0000        375.0000      56,250.0000                       0.0000        375.0000      56,250.0000                       0.0000        375.0000      56,250.0000                       0.0000        375.0000      56,250.0000                       0.0000        375.0000      56,250.0000                       0.0000        375.0000      56,250.0000                       0.0000        375.0000      56,250.0000                       0.0000      inf      inf
72      375.0000      56,250.0000                   0.0000        375.0000      56,250.0000                       0.0000        375.0000      56,250.0000                       0.0000        375.0000      56,250.0000                       0.0000        375.0000      56,250.0000                       0.0000        375.0000      56,250.0000                       0.0000        375.0000      56,250.0000                       0.0000        375.0000      56,250.0000                       0.0000      inf      inf
73      375.0000      56,250.0000                   0.0000        375.0000      56,250.0000                       0.0000        375.0000      56,250.0000                       0.0000        375.0000      56,250.0000                       0.0000        375.0000      56,250.0000                       0.0000        375.0000      56,250.0000                       0.0000        375.0000      56,250.0000                       0.0000        375.0000      56,250.0000                       0.0000      inf      inf
74      376.0000      56,400.0000                   0.0000        376.0000      56,400.0000                       0.0000        376.0000      56,400.0000                       0.0000        376.0000      56,400.0000                       0.0000        376.0000      56,400.0000                       0.0000        376.0000      56,400.0000                       0.0000        376.0000      56,400.0000                       0.0000        376.0000      56,400.0000                       0.0000      inf      inf
75      375.0000      56,250.0000                   0.0000        375.0000      56,250.0000                       0.0000        375.0000      56,250.0000                       0.0000        375.0000      56,250.0000                       0.0000        375.0000      56,250.0000                       0.0000        375.0000      56,250.0000                       0.0000        375.0000      56,250.0000                       0.0000        375.0000      56,250.0000                       0.0000      inf      inf
76      375.0000      56,250.0000                   0.0000        375.0000      56,250.0000                       0.0000        375.0000      56,250.0000                       0.0000        375.0000      56,250.0000                       0.0000        375.0000      56,250.0000                       0.0000        375.0000      56,250.0000                       0.0000        375.0000      56,250.0000                       0.0000        375.0000      56,250.0000                       0.0000      inf      inf
77      376.0000      56,400.0000                   0.0000        376.0000      56,400.0000                       0.0000        376.0000      56,400.0000                       0.0000        376.0000      56,400.0000                       0.0000        376.0000      56,400.0000                       0.0000        376.0000      56,400.0000                       0.0000        376.0000      56,400.0000                       0.0000        376.0000      56,400.0000                       0.0000      inf      inf
78      375.0000      56,250.0000                   0.0000        375.0000      56,250.0000                       0.0000        375.0000      56,250.0000                       0.0000        375.0000      56,250.0000                       0.0000        375.0000      56,250.0000                       0.0000        375.0000      56,250.0000                       0.0000        375.0000      56,250.0000                       0.0000        375.0000      56,250.0000                       0.0000      inf      inf
79      375.0000      56,250.0000                   0.0000        375.0000      56,250.0000                       0.0000        375.0000      56,250.0000                       0.0000        375.0000      56,250.0000                       0.0000        375.0000      56,250.0000                       0.0000        375.0000      56,250.0000                       0.0000        375.0000      56,250.0000                       0.0000        375.0000      56,250.0000                       0.0000      inf      inf
80      375.0000      56,250.0000               1,470.0000        375.0000      56,250.0000                   1,470.0000        375.0000      56,250.0000                   1,543.0000        375.0000      56,250.0000                   1,620.0000        375.0000      56,250.0000                   1,701.0000        375.0000      56,250.0000                   1,787.0000        375.0000      56,250.0000                   1,876.0000        375.0000      56,250.0000                   1,970.0000  38.2653  38.2653
81      376.0000      73,548.0000             719,262.0000        376.0000      73,548.0000                 719,262.0000        376.0000      75,657.0000                 755,226.0000        376.0000      77,964.0000                 792,987.0000        376.0000      80,428.0000                 832,636.0000        376.0000      83,058.0000                 874,268.0000        376.0000      85,864.0000                 917,981.0000        376.0000      88,840.0000                 963,880.0000   0.1023   0.1023
82      375.0000     111,222.0000           1,681,373.0000        375.0000     111,222.0000               1,681,373.0000        375.0000     116,248.0000               1,765,442.0000        375.0000     121,631.0000               1,853,714.0000        375.0000     127,357.0000               1,946,400.0000        375.0000     133,434.0000               2,043,719.0000        375.0000     139,856.0000               2,145,905.0000        375.0000     146,692.0000               2,253,201.0000   0.0661   0.0661
83      375.0000     173,329.0000           2,590,739.0000        375.0000     173,329.0000               2,590,739.0000        375.0000     181,996.0000               2,720,276.0000        375.0000     191,095.0000               2,856,289.0000        375.0000     200,650.0000               2,999,104.0000        375.0000     210,683.0000               3,149,059.0000        375.0000     221,217.0000               3,306,512.0000        375.0000     232,278.0000               3,471,838.0000   0.0669   0.0669
84      375.0000     235,404.0000           3,605,562.0000        375.0000     235,404.0000               3,605,562.0000        375.0000     247,188.0000               3,785,840.0000        375.0000     259,561.0000               3,975,132.0000        375.0000     272,553.0000               4,173,889.0000        375.0000     286,194.0000               4,382,583.0000        375.0000     300,517.0000               4,601,712.0000        375.0000     315,556.0000               4,831,798.0000   0.0653   0.0653
85      376.0000     307,969.0000           4,689,855.0000        376.0000     307,969.0000               4,689,855.0000        376.0000     323,367.0000               4,924,348.0000        376.0000     339,535.0000               5,170,565.0000        376.0000     356,512.0000               5,429,093.0000        376.0000     373,317.0000               5,700,548.0000        376.0000     391,983.0000               5,985,576.0000        376.0000     411,582.0000               6,284,854.0000   0.0657   0.0657
86      375.0000     368,056.0000           5,936,619.0000        375.0000     368,056.0000               5,936,619.0000        375.0000     386,459.0000               6,233,450.0000        375.0000     405,782.0000               6,545,122.0000        375.0000     426,071.0000               6,872,378.0000        375.0000     448,396.0000               7,215,997.0000        375.0000     470,816.0000               7,576,797.0000        375.0000     494,356.0000               7,955,637.0000   0.0620   0.0620
87      375.0000     417,261.0000           7,294,148.0000        375.0000     417,261.0000               7,294,148.0000        375.0000     438,124.0000               7,658,855.0000        375.0000     460,030.0000               8,041,798.0000        375.0000     483,032.0000               8,443,888.0000        375.0000     507,183.0000               8,866,082.0000        375.0000     532,543.0000               9,309,387.0000        375.0000     559,170.0000               9,774,856.0000   0.0572   0.0572
88      376.0000     503,632.0000           8,770,766.0000        376.0000     503,632.0000               8,770,766.0000        376.0000     528,814.0000               9,209,304.0000        376.0000     555,254.0000               9,669,769.0000        376.0000     583,017.0000              10,153,257.0000        376.0000     612,168.0000              10,660,920.0000        376.0000     642,776.0000              11,193,966.0000        376.0000     674,915.0000              11,753,665.0000   0.0574   0.0574
89      375.0000     586,314.0000          10,254,418.0000        375.0000     586,314.0000              10,254,418.0000        375.0000     615,630.0000              10,767,139.0000        375.0000     646,412.0000              11,305,496.0000        375.0000     678,732.0000              11,870,771.0000        375.0000     712,669.0000              12,464,310.0000        375.0000     748,302.0000              13,087,525.0000        375.0000     785,717.0000              13,741,902.0000   0.0572   0.0572
90      375.0000     651,982.0000          12,180,304.0000        375.0000     651,982.0000              12,180,304.0000        375.0000     684,581.0000              12,789,319.0000        375.0000     717,222.0000              13,428,785.0000        375.0000     753,083.0000              14,100,224.0000        375.0000     790,738.0000              14,805,235.0000        375.0000     830,275.0000              15,545,497.0000        375.0000     871,788.0000              16,322,772.0000   0.0535   0.0535
91      375.0000     728,664.0000          14,205,756.0000        375.0000     728,664.0000              14,205,756.0000        375.0000     765,097.0000              14,916,044.0000        375.0000     804,939.0000              15,661,846.0000        375.0000     845,186.0000              16,444,939.0000        375.0000     887,446.0000              17,267,186.0000        375.0000     931,818.0000              18,130,545.0000        375.0000     978,409.0000              19,037,072.0000   0.0513   0.0513
92      376.0000     862,777.0000          16,571,848.0000        376.0000     862,777.0000              16,571,848.0000        376.0000     905,916.0000              17,400,440.0000        376.0000     951,212.0000              18,270,463.0000        376.0000     998,772.0000              19,183,986.0000        376.0000   1,048,711.0000              20,143,185.0000        376.0000   1,101,147.0000              21,150,344.0000        376.0000   1,156,204.0000              22,207,861.0000   0.0521   0.0521
93      375.0000   1,001,621.0000          19,286,432.0000        375.0000   1,001,621.0000              19,286,432.0000        375.0000   1,051,702.0000              20,250,753.0000        375.0000   1,104,287.0000              21,263,291.0000        375.0000   1,159,502.0000              22,326,456.0000        375.0000   1,217,477.0000              23,442,778.0000        375.0000   1,278,351.0000              24,614,917.0000        375.0000   1,342,268.0000              25,845,663.0000   0.0519   0.0519
94      375.0000   1,077,204.0000          22,448,289.0000        375.0000   1,077,204.0000              22,448,289.0000        375.0000   1,131,065.0000              23,570,703.0000        375.0000   1,187,618.0000              24,749,238.0000        375.0000   1,246,999.0000              25,986,700.0000        375.0000   1,309,349.0000              27,286,035.0000        375.0000   1,374,816.0000              28,650,337.0000        375.0000   1,443,557.0000              30,082,854.0000   0.0480   0.0480
95      375.0000   1,278,517.0000          26,264,297.0000        375.0000   1,278,517.0000              26,264,297.0000        375.0000   1,342,630.0000              27,577,512.0000        375.0000   1,409,950.0000              28,956,387.0000        375.0000   1,480,635.0000              30,404,207.0000        375.0000   1,554,855.0000              31,924,417.0000        375.0000   1,632,785.0000              33,520,638.0000        375.0000   1,714,613.0000              35,196,670.0000   0.0487   0.0487
96      376.0000   1,530,293.0000          30,585,272.0000        376.0000   1,530,293.0000              30,585,272.0000        376.0000   1,606,808.0000              32,114,535.0000        376.0000   1,687,148.0000              33,720,262.0000        376.0000   1,771,505.0000              35,406,275.0000        376.0000   1,860,081.0000              37,176,589.0000        376.0000   1,953,085.0000              39,035,418.0000        376.0000   2,050,739.0000              40,987,189.0000   0.0500   0.0500
97      375.0000   1,646,052.0000          35,770,923.0000        375.0000   1,646,052.0000              35,770,923.0000        375.0000   1,728,675.0000              37,559,469.0000        375.0000   1,815,429.0000              39,437,442.0000        375.0000   1,906,521.0000              41,409,315.0000        375.0000   2,002,167.0000              43,479,780.0000        375.0000   2,102,596.0000              45,653,769.0000        375.0000   2,208,046.0000              47,936,458.0000   0.0460   0.0460
98      375.0000   2,136,645.0000          41,539,678.0000        375.0000   2,136,645.0000              41,539,678.0000        375.0000   2,243,478.0000              43,616,662.0000        375.0000   2,355,651.0000              45,797,495.0000        375.0000   2,473,434.0000              48,087,370.0000        375.0000   2,597,106.0000              50,491,739.0000        375.0000   2,726,961.0000              53,016,326.0000        375.0000   2,863,309.0000              55,667,142.0000   0.0514   0.0514
99      376.0000   3,013,288.0000          63,592,992.0000        376.0000   3,013,288.0000              63,592,992.0000        376.0000   3,163,952.0000              66,772,641.0000        376.0000   3,322,150.0000              70,111,273.0000        376.0000   3,488,257.0000              73,616,837.0000        376.0000   3,662,670.0000              77,297,679.0000        376.0000   3,845,804.0000              81,162,563.0000        376.0000   4,038,094.0000              85,220,691.0000   0.0474   0.0474
ALL  37,527.0000  21,296,364.0000         327,990,002.0000     37,527.0000  21,296,364.0000             327,990,002.0000     37,527.0000  22,145,140.0000             344,389,502.0000     37,527.0000  23,036,555.0000             361,608,977.0000     37,527.0000  23,972,654.0000             379,689,426.0000     37,527.0000  24,955,667.0000             398,673,897.0000     37,527.0000  25,987,916.0000             418,607,592.0000     37,527.0000  27,071,900.0000             439,537,972.0000   0.0649   0.0649

