        weight_2022 totax_2022 calc_turnover_small_2022 weight_ref_2022 totax_ref_2022 calc_turnover_small_ref_2022 weight_ref_2023 totax_ref_2023 calc_turnover_small_ref_2023 weight_ref_2024 totax_ref_2024 calc_turnover_small_ref_2024 weight_ref_2025 totax_ref_2025 calc_turnover_small_ref_2025 weight_ref_2026 totax_ref_2026 calc_turnover_small_ref_2026 weight_ref_2027 totax_ref_2027 calc_turnover_small_ref_2027 weight_ref_2028 totax_ref_2028 calc_turnover_small_ref_2028
 0-10n          -99          0                        0             -99              0                            0             -99              0                            0             -99              0                            0             -99              0                            0             -99              0                            0             -99              0                            0             -99              0                            0
 0-10z          -99          0                        0             -99              0                            0             -99              0                            0             -99              0                            0             -99              0                            0             -99              0                            0             -99              0                            0             -99              0                            0
 0-10p        3,752        153                        0           3,752            153                            0           3,752            153                            0           3,752            154                            0           3,752            155                            0           3,752            156                            0           3,752            157                            0           3,752            158                            0
 10-20        3,753        150                        0           3,753            150                            0           3,753            150                            0           3,753            150                            0           3,753            150                            0           3,753            150                            0           3,753            150                            0           3,753            150                            0
 20-30        3,753        155                        0           3,753            155                            0           3,753            157                            0           3,753            158                            0           3,753            160                            0           3,753            161                            0           3,753            163                            0           3,753            164                            0
 30-40        3,752        151                        0           3,752            151                            0           3,752            153                            0           3,752            155                            0           3,752            157                            0           3,752            159                            0           3,752            161                            0           3,752            163                            0
 40-50        3,753        150                        0           3,753            150                            0           3,753            150                            0           3,753            150                            0           3,753            151                            0           3,753            151                            0           3,753            151                            0           3,753            151                            0
 50-60        3,753        150                        0           3,753            150                            0           3,753            150                            0           3,753            150                            0           3,753            150                            0           3,753            150                            0           3,753            150                            0           3,753            150                            0
 60-70        3,752        150                        0           3,752            150                            0           3,752            150                            0           3,752            150                            0           3,752            150                            0           3,752            150                            0           3,752            150                            0           3,752            150                            0
 70-80        3,753        150                        0           3,753            150                            0           3,753            150                            0           3,753            150                            0           3,753            150                            0           3,753            150                            0           3,753            150                            0           3,753            150                            0
 80-90        3,753        755                   12,135           3,753            755                       12,135           3,753            791                       12,742           3,753            830                       13,379           3,753            870                       14,048           3,753            912                       14,751           3,753            957                       15,488           3,753          1,003                       16,263
 90-100       3,753      3,711                   75,259           3,753          3,711                       75,259           3,753          3,897                       79,022           3,753          4,092                       82,973           3,753          4,296                       87,121           3,753          4,511                       91,477           3,753          4,737                       96,051           3,753          4,974                      100,854
 ALL         37,527        567                    8,740          37,527            567                        8,740          37,527            590                        9,177          37,527            614                        9,636          37,527            639                       10,118          37,527            665                       10,624          37,527            693                       11,155          37,527            721                       11,713
 90-95        1,876      2,304                   45,145           1,876          2,304                       45,145           1,876          2,419                       47,403           1,876          2,540                       49,773           1,876          2,667                       52,261           1,876          2,800                       54,874           1,876          2,941                       57,618           1,876          3,088                       60,499
 95-99        1,501      4,391                   89,381           1,501          4,391                       89,381           1,501          4,611                       93,850           1,501          4,842                       98,542           1,501          5,085                      103,469           1,501          5,339                      108,643           1,501          5,607                      114,075           1,501          5,887                      119,778
 Top 1%         376      8,014                  169,130             376          8,014                      169,130             376          8,415                      177,587             376          8,836                      186,466             376          9,277                      195,789             376          9,741                      205,579             376         10,228                      215,858             376         10,740                      226,651

