                weight_2022  totax_2022 calc_turnover_small_2022 weight_ref_2022 totax_ref_2022 calc_turnover_small_ref_2022 weight_ref_2023 totax_ref_2023 calc_turnover_small_ref_2023 weight_ref_2024 totax_ref_2024 calc_turnover_small_ref_2024 weight_ref_2025 totax_ref_2025 calc_turnover_small_ref_2025 weight_ref_2026 totax_ref_2026 calc_turnover_small_ref_2026 weight_ref_2027 totax_ref_2027 calc_turnover_small_ref_2027 weight_ref_2028 totax_ref_2028 calc_turnover_small_ref_2028
<0                      0.0           0                        0             0.0              0                            0             0.0              0                            0             0.0              0                            0             0.0              0                            0             0.0              0                            0             0.0              0                            0             0.0              0                            0
=0                  30385.0   4,590,935                        0         30385.0      4,590,935                            0         30385.0      4,606,104                            0         30385.0      4,622,032                            0         30385.0      4,638,757                            0         30385.0      4,656,317                            0         30385.0      4,674,756                            0         30385.0      4,694,116                            0
0-10000              1363.0     487,537                7,033,613          1363.0        487,537                    7,033,613          1316.0        480,849                    6,902,822          1262.0        469,369                    6,694,138          1200.0        451,140                    6,394,174          1143.0        433,015                    6,128,698          1064.0        396,682                    5,624,461          1024.0        386,837                    5,495,686
1000 - 50000         3267.0   4,833,685               87,077,912          3267.0      4,833,685                   87,077,912          3193.0      4,777,848                   85,723,663          3131.0      4,765,391                   84,619,459          3093.0      4,773,350                   84,357,335          3017.0      4,672,109                   82,347,630          2975.0      4,636,701                   81,077,946          2892.0      4,582,313                   79,241,919
50000 - 100000       1681.0   5,853,802              120,619,989          1681.0      5,853,802                  120,619,989          1696.0      5,996,839                  121,969,221          1700.0      6,031,744                  122,521,229          1688.0      6,067,606                  122,295,920          1703.0      6,141,380                  123,101,776          1703.0      6,153,311                  123,050,084          1696.0      6,098,030                  122,173,772
100000 - 200000       774.0   4,752,802               94,572,519           774.0      4,752,802                   94,572,519           869.0      5,349,817                  107,908,138           967.0      6,020,237                  121,936,185          1066.0      6,727,927                  136,838,783          1165.0      7,499,126                  151,914,838          1265.0      8,299,032                  167,581,113          1375.0      9,202,589                  185,201,194
200000 - 300000        35.0     308,548                8,283,597            35.0        308,548                    8,283,597            45.0        431,725                   10,648,213            54.0        537,334                   12,497,266            66.0        684,523                   15,482,774            79.0        819,169                   18,310,926            97.0      1,028,771                   22,647,630           112.0      1,202,286                   26,337,289
300000 - 400000        11.0     182,940                3,809,333            11.0        182,940                    3,809,333            10.0        128,576                    3,504,088            12.0        137,138                    3,999,574            12.0        141,089                    4,102,685            17.0        209,397                    5,725,389            19.0        235,249                    6,524,412            20.0        265,089                    6,745,967
400000 - 500000         4.0     113,376                1,849,525             4.0        113,376                    1,849,525             4.0        100,828                    1,739,590             6.0        152,021                    2,544,097             7.0        171,909                    3,080,873             7.0        177,380                    3,130,760             8.0        198,251                    3,687,371            10.0        164,099                    4,472,203
500000 - 600000         2.0      61,650                1,040,559             2.0         61,650                    1,040,559             4.0        155,910                    2,105,664             5.0        178,813                    2,714,522             4.0        169,231                    2,232,851             4.0        137,809                    2,248,110             2.0         33,873                    1,129,113             3.0        110,322                    1,608,109
600000 - 700000         3.0      59,799                1,993,305             3.0         59,799                    1,993,305             1.0         20,257                      675,244             0.0              0                            0             1.0         18,522                      617,397             2.0         74,936                    1,264,806             4.0        189,510                    2,559,448             4.0        195,906                    2,584,804
700000 - 800000         1.0      22,337                  744,559             1.0         22,337                      744,559             3.0         65,985                    2,199,514             3.0         65,929                    2,197,619             3.0         69,225                    2,307,499             1.0         23,450                      781,679             0.0              0                            0             1.0         21,441                      714,714
> 800000                1.0      28,953                  965,091             1.0         28,953                      965,091             1.0         30,400                    1,013,346             2.0         56,547                    1,884,890             2.0         59,374                    1,979,134             4.0        111,579                    3,719,287             5.0        141,780                    4,726,014             5.0        148,869                    4,962,315
ALL                 37527.0  21,296,364              327,990,002         37527.0     21,296,364                  327,990,002         37527.0     22,145,140                  344,389,502         37527.0     23,036,555                  361,608,977         37527.0     23,972,654                  379,689,426         37527.0     24,955,667                  398,673,897         37527.0     25,987,916                  418,607,592         37527.0     27,071,900                  439,537,972

